841 1182
732 357
505 509
358 553
533 661
488 460
43 136
476 266
603 406
736 708
253 714
610 704
543 781
623 563
214 97
185 803
197 546
638 152
154 242
50 113
428 183
470 340
655 493
193 298
232 258
532 600
587 342
772 176
754 707
506 558
85 683
286 313
114 743
215 126
817 66
501 122
710 397
524 736
807 472
514 565
816 157
373 157
545 484
458 498
127 27
424 243
783 285
471 411
477 772
224 808
767 448
548 606
775 450
683 141
571 224
58 405
757 277
547 192
453 514
53 123
424 63
628 544
156 538
99 256
92 180
779 244
781 84
365 149
775 162
442 463
10 104
470 418
530 300
835 54
750 702
681 770
276 34
164 143
240 328
134 64
576 839
317 683
549 782
108 109
436 28
225 38
261 605
699 155
775 651
496 184
545 183
292 43
293 419
582 147
804 767
506 28
728 484
412 170
372 552
820 404
749 474
818 132
501 419
404 317
415 388
180 7
470 500
477 144
776 615
67 634
809 243
492 406
659 533
115 543
640 128
175 434
154 161
103 396
739 714
501 503
388 436
80 54
607 566
174 442
736 743
783 242
286 821
217 835
19 788
819 106
470 56
260 746
574 769
5 373
5 709
219 654
656 356
319 211
557 708
410 60
637 203
199 96
170 807
37 244
510 586
282 683
61 299
27 383
156 428
699 188
18 823
210 170
548 262
749 568
126 812
401 458
80 733
157 628
34 734
506 515
359 423
305 577
408 121
333 39
449 454
512 164
175 174
492 284
312 60
776 602
276 48
181 654
172 718
204 166
770 104
243 401
163 480
503 398
360 202
240 441
215 27
368 147
748 136
313 23
721 325
270 721
572 804
168 546
316 715
832 20
641 90
521 22
277 348
437 617
515 690
328 152
295 48
87 794
188 410
822 138
335 710
400 754
157 704
30 684
98 367
302 412
525 696
578 800
429 174
168 832
141 250
79 255
768 118
812 402
680 264
181 810
536 215
335 4
322 824
644 319
530 768
135 206
38 42
418 841
60 617
184 241
82 302
797 824
749 528
290 660
225 158
691 815
482 99
264 178
349 174
233 622
183 538
808 4
596 218
485 260
559 525
346 6
547 77
725 22
491 265
664 815
649 570
62 171
755 514
484 142
652 235
310 390
396 637
305 475
113 369
395 347
807 404
301 665
743 13
197 141
390 838
782 19
497 381
482 93
232 596
633 474
201 797
22 457
165 376
804 477
348 813
677 289
565 652
444 556
799 575
484 280
405 409
778 363
770 412
470 86
756 53
134 572
744 587
624 381
452 688
336 321
528 214
196 524
525 402
632 685
124 237
470 449
559 624
292 779
91 160
105 762
347 641
352 789
60 11
20 296
409 261
486 193
839 301
810 590
636 694
551 174
696 665
600 750
815 586
695 225
332 29
349 498
121 424
796 252
336 268
131 111
718 746
361 323
272 255
332 251
311 43
396 121
17 289
444 392
351 260
114 771
702 415
578 665
222 148
162 334
430 605
575 385
818 317
761 606
513 761
670 597
641 269
406 145
136 60
98 609
671 407
702 437
432 742
278 413
803 768
552 390
802 682
196 128
662 803
290 93
317 719
692 161
468 277
154 278
366 348
405 601
832 112
377 206
710 248
380 202
799 353
466 75
183 350
200 312
587 286
560 358
445 489
577 295
404 254
544 231
572 436
366 288
262 109
18 754
472 249
675 826
67 268
797 186
525 277
748 584
137 442
243 63
795 250
750 138
178 492
340 213
56 379
459 485
227 793
665 57
419 21
80 385
465 714
547 521
20 649
757 720
491 735
418 431
138 605
201 295
175 560
535 342
142 10
442 65
661 315
104 193
213 796
81 683
346 201
182 270
539 593
173 210
544 286
168 561
233 517
14 329
327 421
358 528
599 562
293 355
570 216
759 464
331 43
398 265
39 769
841 827
343 808
471 269
666 674
691 650
556 420
12 429
56 258
762 295
450 824
602 777
120 546
345 298
748 642
674 253
261 87
687 642
146 128
567 668
509 106
413 369
654 70
255 652
422 148
79 806
165 216
661 459
309 529
167 182
409 489
787 190
172 520
835 687
314 443
346 614
411 751
525 355
13 826
286 232
214 613
111 261
320 560
64 426
302 490
663 491
595 663
340 271
811 505
23 504
558 40
178 202
646 682
302 796
701 458
7 199
237 336
647 473
461 698
616 479
280 386
777 325
301 510
514 408
719 5
499 555
92 30
270 699
80 824
459 148
148 154
285 169
711 583
561 385
550 725
437 163
97 538
199 805
78 608
801 810
193 381
531 202
95 693
779 300
491 659
270 637
597 206
640 735
342 339
241 499
491 574
176 676
204 378
697 463
670 439
789 701
276 120
823 777
298 559
156 623
600 136
296 733
334 437
169 261
676 692
762 723
659 629
608 97
394 264
11 721
672 757
687 631
341 684
707 365
371 176
531 263
163 801
99 715
289 449
395 641
561 665
305 698
484 800
311 216
338 805
286 513
699 20
500 291
441 626
156 10
825 787
253 693
500 94
251 263
689 308
707 294
740 335
739 58
824 469
573 368
434 832
91 801
109 706
249 740
421 11
695 700
363 73
336 507
475 358
302 262
465 770
164 634
430 673
301 103
402 307
103 618
557 19
44 106
268 92
106 681
64 380
487 419
256 667
395 196
81 681
776 407
231 56
323 832
633 19
424 714
468 363
752 321
727 175
760 667
743 491
170 704
238 681
56 132
724 593
798 409
388 75
649 735
470 793
638 780
237 514
287 548
353 542
72 608
376 343
515 619
608 396
567 175
235 462
146 750
712 305
511 643
79 238
423 2
329 794
458 417
742 605
786 207
634 160
300 807
608 472
522 226
98 259
438 62
363 434
514 544
39 485
296 508
346 656
78 706
639 832
754 226
159 796
32 22
793 22
564 22
264 222
833 301
668 597
325 171
343 727
746 600
741 308
137 670
203 190
365 491
132 798
339 511
251 826
343 479
474 801
177 810
557 345
708 559
346 310
426 537
129 655
754 614
748 657
321 167
412 689
200 635
611 665
771 218
209 719
135 448
222 136
105 239
178 143
368 107
438 410
258 383
527 139
259 82
120 158
551 234
706 834
772 725
129 637
3 581
308 368
183 723
542 162
7 800
2 48
655 596
361 469
180 831
440 336
304 14
359 366
542 101
192 614
145 760
535 47
711 810
216 364
71 285
185 585
730 594
210 480
738 206
608 58
737 581
380 413
789 311
193 526
681 605
122 651
49 644
527 9
707 16
732 634
161 640
825 515
749 452
27 715
87 609
429 690
451 310
609 698
427 29
23 794
130 162
27 104
731 66
738 394
541 58
489 391
614 243
401 667
289 763
389 80
698 474
387 567
281 159
587 515
309 55
528 790
830 177
590 442
747 308
483 147
476 384
629 177
135 649
103 183
162 711
37 809
250 309
485 767
672 730
186 193
230 196
337 714
363 735
400 296
459 547
114 391
144 128
566 133
241 165
180 434
617 517
175 622
93 741
349 733
739 712
216 616
645 107
585 194
91 751
426 653
637 127
819 68
334 384
708 816
280 433
661 515
14 623
686 501
581 177
522 183
379 770
568 245
396 310
153 380
523 784
835 207
422 818
24 178
507 14
659 381
276 501
147 410
156 480
322 276
256 114
737 82
708 821
83 642
50 550
590 20
204 682
598 444
278 673
316 328
370 7
658 436
135 788
473 637
381 50
195 790
451 22
776 769
24 550
133 18
456 671
480 34
561 376
434 92
673 508
303 297
144 693
90 237
412 344
544 637
395 435
699 470
558 22
756 346
727 107
335 59
498 239
93 746
32 36
394 121
205 198
502 738
573 610
50 31
412 602
203 185
135 680
625 401
797 16
649 39
831 380
628 317
742 777
485 689
17 617
264 420
411 47
790 49
192 436
612 49
331 221
355 832
289 275
611 28
751 785
104 310
157 14
309 689
609 395
647 520
236 214
770 233
473 759
107 164
590 48
485 561
765 435
77 399
753 396
758 69
507 147
381 705
165 47
32 106
193 285
257 42
623 716
473 643
560 466
158 653
277 499
644 42
240 523
369 443
255 424
274 729
765 211
83 255
760 15
678 614
769 442
730 60
298 302
829 492
837 239
556 510
29 185
110 841
237 191
385 152
198 528
381 347
519 500
457 301
804 68
110 607
254 820
824 592
578 107
383 64
334 236
535 389
171 411
390 813
300 240
414 68
377 359
134 751
298 572
379 672
461 652
594 830
834 531
464 266
335 706
270 243
457 550
504 282
485 344
132 734
217 306
127 502
59 81
282 299
499 547
532 130
512 265
599 224
600 427
384 616
287 362
764 216
464 241
295 611
398 529
87 357
499 444
140 334
483 321
472 218
145 351
736 145
275 747
387 626
765 183
214 423
782 173
682 389
827 190
576 579
572 312
753 389
494 593
817 699
815 834
242 761
594 144
816 279
206 537
514 353
314 488
236 113
539 748
281 453
114 787
488 443
564 804
126 112
654 72
127 577
640 417
102 804
366 213
617 337
651 165
421 550
473 474
378 67
243 334
549 179
569 768
708 380
7 786
815 274
245 649
559 366
7 605
274 427
439 671
63 380
57 592
209 307
801 758
740 755
685 611
285 254
273 359
729 569
324 304
394 757
22 440
190 766
197 406
627 631
453 631
267 684
475 195
426 233
463 108
658 205
309 634
36 262
179 486
129 540
450 72
598 346
50 557
225 337
30 136
801 691
67 275
410 272
549 188
227 483
271 112
354 357
827 822
494 668
462 324
134 797
783 208
330 199
623 521
389 647
644 81
641 712
104 585
752 438
372 444
492 241
237 409
774 475
309 241
830 530
306 586
445 95
589 472
773 523
26 128
134 161
187 409
807 408
76 74
743 761
255 76
721 311
147 403
465 153
164 41
414 281
676 116
261 34
215 377
647 724
237 375
531 243
214 813
97 215
425 712
622 822
618 405
12 542
16 601
27 255
119 294
193 235
820 432
76 290
255 806
83 361
247 255
322 210
717 313
259 721
560 264
352 717
294 455
361 105
669 438
221 786
418 230
360 466
496 527
480 132
737 10
732 346
78 202
705 66
76 278
74 738
84 445
786 429
349 103
395 677
171 727
725 534
739 407
396 684
473 249
41 128
97 769
325 321
643 799
211 268
53 257
682 531
262 497
64 92
725 759
358 78
107 330
825 116
423 474
229 811
151 613
1 525
652 135
818 155
91 826
483 685
423 38
171 119
156 802
73 837
373 294
256 707
406 361
840 90
601 401
103 643
147 466
545 587
211 248
651 702
555 375
634 822
117 514
353 657
341 520
298 591
761 557
110 666
346 435
437 673
617 485
674 218
299 12
412 710
