1000 9885
453 779
510 756
425 438
996 187
655 776
803 541
933 598
410 98
742 530
233 126
194 28
857 452
458 409
26 837
542 261
411 773
568 128
342 255
933 904
313 491
423 602
464 649
856 699
88 805
435 56
313 596
740 277
429 554
673 308
503 473
207 469
722 923
401 490
156 30
291 550
218 714
628 837
476 506
95 256
245 179
303 855
288 500
400 222
383 5
666 713
939 823
546 931
16 398
608 616
830 559
703 609
582 60
36 80
414 963
205 583
866 881
287 97
714 479
572 977
40 290
277 187
447 623
763 870
159 59
931 82
832 701
816 274
724 891
504 286
88 519
879 729
736 89
845 921
957 779
872 521
229 436
546 470
417 589
539 701
384 93
920 191
99 920
666 47
7 149
923 820
103 556
140 570
347 70
578 982
579 275
337 940
980 818
396 867
110 235
458 840
946 665
341 925
640 44
824 441
56 803
823 565
203 916
555 187
574 741
646 22
260 341
103 867
217 784
931 897
554 369
185 498
665 568
502 819
216 472
967 863
536 779
310 650
540 723
389 809
392 3
946 598
863 431
810 57
553 219
155 484
653 605
605 868
492 35
535 601
786 81
252 662
221 748
204 244
883 508
835 455
959 638
800 221
729 169
56 505
722 889
633 837
694 352
878 141
197 276
71 511
478 263
339 959
106 990
527 568
804 403
932 168
550 363
681 488
902 598
314 643
831 954
575 780
432 378
675 646
547 279
978 301
749 922
932 398
770 33
519 670
496 960
461 850
851 54
546 536
139 210
33 587
491 583
666 225
923 754
304 98
659 856
567 35
20 806
224 841
6 785
978 222
500 686
999 520
21 444
115 17
894 293
806 699
980 854
345 389
932 977
807 295
55 514
828 770
579 412
764 128
953 8
507 425
53 109
807 180
195 276
512 242
677 664
513 687
5 27
8 305
616 38
246 737
566 468
327 416
790 518
541 234
428 805
213 73
234 980
18 41
661 689
540 934
407 377
70 733
507 981
792 687
667 301
479 283
678 111
40 815
156 861
529 477
433 448
328 828
143 577
862 107
771 336
944 887
870 598
783 529
1 565
329 128
771 57
330 171
338 334
805 858
595 990
663 108
541 880
374 547
718 580
667 774
447 598
659 918
896 548
89 802
883 842
774 581
6 979
361 418
489 271
932 305
571 211
954 201
516 688
918 868
91 374
755 799
975 738
281 274
465 29
582 448
187 742
247 543
307 703
306 982
42 688
376 622
788 37
519 215
868 971
748 2
454 732
711 689
591 705
155 897
967 587
656 782
640 387
894 946
878 23
735 394
904 280
195 641
549 626
307 891
623 321
754 176
702 80
134 375
123 483
327 21
772 422
332 365
394 792
899 829
902 688
763 160
545 981
235 779
972 428
576 973
98 1
250 196
488 694
388 793
450 21
98 496
747 777
943 130
781 227
140 237
738 192
995 755
27 805
982 991
914 535
364 482
292 135
3 204
131 771
607 411
562 101
466 398
338 207
573 355
529 773
215 510
759 346
550 925
935 835
991 805
150 271
177 419
286 351
756 49
918 768
352 183
723 424
854 458
304 42
547 118
879 309
625 958
721 831
404 125
704 523
262 119
984 811
343 120
474 505
546 149
30 98
307 667
920 66
685 702
209 141
891 489
104 997
582 718
218 117
436 940
592 842
831 229
544 557
543 689
780 677
234 763
807 124
631 408
109 398
990 553
384 557
424 522
351 465
722 743
230 117
201 174
57 892
350 795
942 959
928 25
108 345
554 79
723 716
575 343
965 631
160 482
531 213
291 600
551 302
648 23
478 14
207 468
322 522
929 530
531 322
164 313
4 322
558 617
524 521
835 856
303 854
718 883
221 425
286 337
740 987
528 731
430 79
822 989
291 775
537 547
650 834
101 676
301 418
642 217
406 719
897 699
80 917
637 579
379 959
107 364
906 522
279 540
288 945
823 195
76 836
684 651
651 141
659 831
399 632
521 802
941 389
214 585
654 794
634 230
716 907
223 661
466 950
485 106
487 972
146 568
937 963
816 960
254 568
462 549
214 154
305 813
733 694
313 187
122 557
503 120
160 834
622 246
915 210
38 807
204 59
521 335
315 882
462 967
963 830
601 810
639 806
485 703
568 157
820 691
180 163
460 546
22 666
959 923
599 480
692 6
624 724
291 743
623 494
716 188
882 660
114 746
464 517
691 326
982 347
929 589
606 343
992 711
23 405
5 762
616 391
445 483
227 695
783 572
766 947
218 862
700 494
793 564
279 237
321 607
289 907
810 525
315 185
724 75
616 820
359 144
625 570
55 187
993 62
462 171
745 589
685 177
318 810
728 684
859 578
607 668
594 237
324 110
287 890
521 862
495 7
23 684
63 963
730 588
103 450
788 109
733 839
458 907
557 153
618 409
549 825
582 628
107 916
314 504
898 559
834 593
604 843
589 153
241 363
214 352
372 647
102 536
621 520
588 471
626 158
116 652
464 421
857 402
519 943
15 348
700 991
242 377
155 338
122 803
237 796
88 879
967 211
322 336
105 832
255 338
668 889
678 585
360 658
352 514
84 185
875 350
942 503
973 131
224 460
444 193
389 704
174 942
286 676
804 289
499 666
291 846
418 492
39 768
615 737
395 796
895 113
881 143
705 477
104 180
102 271
374 544
710 78
745 553
447 593
283 528
968 264
605 45
382 126
810 771
944 273
541 913
121 496
286 352
179 720
590 818
992 13
168 607
689 820
766 83
718 150
910 804
547 42
327 946
112 955
556 164
301 575
372 628
90 165
224 655
271 904
312 215
539 872
519 214
246 544
671 427
113 989
773 327
564 380
712 423
345 130
464 272
532 257
695 727
916 672
43 852
999 657
144 557
142 40
834 232
291 703
825 475
511 984
882 732
350 94
423 662
469 308
731 897
878 592
383 146
610 818
536 657
384 269
654 686
528 609
744 984
576 743
472 375
2 344
448 224
1000 973
564 99
805 236
538 297
350 267
558 812
26 116
173 131
908 122
179 526
456 393
866 748
430 139
10 544
461 793
64 717
963 491
840 382
370 469
81 782
225 598
244 381
926 415
103 522
162 56
609 641
363 859
106 470
513 91
826 130
369 373
920 67
704 810
356 117
985 611
76 372
600 922
360 159
953 110
845 392
740 162
239 994
742 528
263 649
378 495
820 676
129 749
407 718
167 365
85 228
782 314
783 103
95 991
190 929
982 461
52 898
975 681
259 360
117 676
248 685
49 345
417 377
386 828
679 500
847 630
338 610
355 320
982 687
148 935
402 499
353 359
687 78
743 457
411 323
779 137
167 810
843 469
679 683
500 495
154 18
323 633
841 244
270 556
787 762
19 868
85 685
761 45
712 615
767 195
848 765
664 714
862 749
936 466
224 65
582 220
270 529
615 455
171 603
7 497
401 978
761 291
21 53
3 598
760 81
353 525
462 409
599 744
565 552
626 518
536 290
862 926
153 278
462 264
779 70
449 639
285 273
327 634
627 144
445 747
394 22
604 864
794 952
319 103
621 547
472 550
947 402
721 85
761 992
172 907
855 134
721 230
61 669
831 105
834 927
59 620
321 240
656 855
30 474
203 244
994 729
955 837
108 303
470 322
403 647
385 912
642 338
173 869
1000 329
970 417
866 270
922 524
705 948
445 113
821 464
35 749
183 573
184 389
577 114
122 81
430 398
532 654
351 684
539 186
654 153
473 538
135 604
873 798
637 772
193 619
856 213
948 749
698 760
775 387
463 480
927 337
804 492
879 936
93 99
296 820
228 734
316 693
340 716
947 476
932 392
457 872
554 646
941 198
634 680
179 759
996 682
392 824
375 703
237 698
292 525
646 692
690 804
689 407
822 405
799 933
111 982
243 198
725 854
746 211
570 101
328 840
203 596
438 285
439 588
632 278
462 663
75 656
403 491
769 313
642 553
539 663
259 855
823 183
726 467
102 537
530 710
267 564
480 865
134 292
997 260
302 842
158 430
289 333
734 969
769 731
349 268
609 772
830 508
977 856
119 111
982 673
982 43
820 178
656 99
192 687
228 293
105 694
415 783
878 347
860 802
792 514
373 657
544 419
653 340
325 542
53 559
679 303
4 229
805 405
539 516
559 218
599 317
692 825
641 825
35 534
587 37
18 856
350 413
832 140
853 362
505 468
782 814
369 645
724 505
395 799
936 9
476 194
611 905
244 166
117 208
249 840
953 592
197 40
628 716
224 154
383 949
794 26
387 704
997 561
374 592
603 902
785 437
624 411
268 563
974 867
444 518
889 899
309 640
595 219
712 925
710 760
72 60
698 208
276 430
902 302
723 383
105 201
177 359
417 208
309 418
257 271
167 772
523 52
559 850
357 406
231 409
39 206
778 74
926 66
969 624
825 941
474 5
708 798
394 450
398 266
606 517
978 187
761 920
43 134
321 271
449 498
203 440
643 870
401 375
717 169
403 481
597 499
713 962
960 529
868 186
264 8
527 9
765 558
215 160
476 755
916 528
502 27
194 328
692 255
930 692
110 114
602 718
60 353
565 408
970 328
934 231
740 594
64 147
397 135
291 924
93 280
661 97
793 578
848 755
156 722
106 901
474 865
715 357
109 526
854 601
637 972
123 926
771 164
240 722
88 18
371 392
211 51
796 802
469 411
300 319
455 836
573 353
131 658
903 304
337 505
597 619
447 628
908 458
620 956
749 864
521 955
918 151
810 996
656 386
914 838
111 808
628 454
286 236
841 795
491 670
275 669
633 409
82 369
253 504
828 998
630 3
300 335
603 430
34 127
517 626
190 362
125 815
675 625
882 170
845 54
846 881
8 749
560 426
501 704
195 321
638 759
164 254
309 201
682 853
995 486
851 778
356 340
229 930
693 115
273 648
627 755
802 395
574 814
428 624
428 856
769 956
458 279
350 793
522 732
616 143
579 773
963 610
344 466
518 84
478 125
631 41
668 213
49 899
786 104
769 862
809 921
313 714
408 990
388 284
815 151
51 122
967 440
184 601
256 934
169 395
783 474
202 69
903 737
596 149
245 33
652 423
232 896
908 825
140 147
658 848
382 842
270 317
754 745
631 621
687 175
89 638
678 486
165 689
224 211
943 902
549 234
987 574
309 550
581 786
496 935
614 371
228 650
631 362
289 538
487 667
839 710
791 419
561 470
120 130
283 840
638 196
641 350
370 502
832 559
707 973
360 288
181 318
958 606
57 254
617 984
449 638
327 629
807 431
719 675
655 587
521 403
6 485
637 231
397 984
808 961
751 99
189 598
715 516
414 985
364 668
436 49
30 715
389 133
119 138
599 156
638 610
109 112
471 521
754 103
916 746
976 437
9 946
36 278
768 417
734 524
863 424
95 50
562 901
669 895
469 137
386 687
270 95
333 842
448 412
929 579
914 153
337 273
377 411
69 437
329 280
331 454
424 36
776 345
745 896
908 846
467 134
362 464
749 740
201 287
408 728
406 103
175 302
782 706
272 7
104 521
974 618
97 246
996 998
646 736
793 852
241 765
745 563
673 661
809 450
349 265
797 789
210 81
514 57
720 782
496 850
729 785
159 169
306 719
883 251
920 367
825 594
742 2
216 972
382 297
646 836
261 490
651 94
48 489
343 34
181 131
935 286
93 599
632 279
559 814
29 975
447 64
298 472
48 727
971 475
972 880
366 483
651 653
526 555
878 658
808 844
789 535
227 136
247 85
414 580
164 703
492 348
901 94
80 358
551 541
636 171
123 472
342 826
768 397
329 585
271 362
592 193
761 590
189 205
355 189
1000 678
692 228
360 517
821 952
805 259
522 615
706 456
528 1000
47 64
325 942
109 775
957 57
238 232
908 995
411 157
438 339
876 47
911 728
571 699
559 74
731 837
44 616
631 676
129 770
874 427
302 80
710 61
306 175
163 266
75 630
538 322
448 932
582 123
982 801
822 522
805 808
663 478
496 912
890 993
780 26
617 111
35 85
684 702
558 99
128 832
628 483
132 904
483 660
727 489
304 1
931 252
626 764
497 560
573 687
794 684
542 966
245 974
945 776
289 812
808 222
972 551
495 394
989 695
72 283
129 884
849 197
561 841
194 786
927 942
78 334
91 134
729 281
312 217
691 855
51 564
507 438
494 48
553 858
34 983
453 932
259 963
117 827
209 320
302 871
213 264
78 435
697 91
455 191
976 494
117 940
309 275
312 934
756 801
49 789
288 159
382 659
368 461
39 738
541 380
377 369
930 693
201 547
91 755
865 516
60 354
226 86
784 622
857 936
360 752
438 675
588 615
592 459
886 314
959 691
303 959
676 443
969 695
849 858
314 612
571 443
235 42
550 295
425 726
339 120
76 205
782 698
308 773
554 573
293 21
84 812
12 1
435 698
129 379
222 598
391 223
382 408
803 963
362 716
297 718
580 467
653 409
713 246
767 783
440 622
992 43
756 60
774 439
831 546
957 995
673 576
12 712
254 801
126 165
385 300
812 141
996 498
686 402
858 511
654 940
769 70
754 72
628 229
976 910
258 965
812 28
103 661
492 736
312 262
310 785
593 139
650 82
834 663
82 656
545 360
195 435
416 292
859 72
418 398
42 290
209 275
341 886
185 358
167 158
741 245
320 575
265 402
907 559
801 32
655 133
38 137
664 360
367 567
668 304
597 406
544 270
270 990
985 428
948 32
865 838
702 115
481 605
291 532
411 950
216 286
699 460
635 45
156 994
476 337
967 42
217 53
147 737
334 861
596 432
248 542
264 259
925 594
710 456
412 651
30 878
142 292
990 104
131 53
778 788
624 24
786 267
550 496
273 356
936 420
39 885
995 643
981 476
965 807
178 475
947 864
93 236
776 412
525 63
177 145
344 958
528 137
69 20
272 314
935 817
183 12
150 191
867 699
338 55
803 131
295 551
153 506
563 515
253 185
695 6
54 906
607 714
334 80
922 430
428 219
546 466
860 246
897 100
440 488
941 275
105 243
656 653
457 654
3 886
354 818
391 647
195 30
927 977
472 697
664 55
494 14
168 966
208 147
428 392
949 218
623 55
328 524
170 211
954 101
134 318
787 416
417 319
76 233
829 549
36 65
158 451
640 334
34 725
185 359
635 235
602 16
530 277
949 365
972 130
556 577
388 467
565 317
436 455
934 66
60 443
724 258
260 149
786 77
183 575
165 16
402 322
277 694
518 540
995 961
500 417
190 701
610 248
488 244
942 299
195 776
252 861
556 128
408 729
504 130
560 747
387 345
80 997
496 313
850 348
723 150
816 468
232 667
396 360
969 58
421 907
903 379
248 101
49 84
942 296
340 573
569 877
197 852
686 232
873 295
671 124
876 686
192 852
239 158
870 468
764 591
841 722
332 931
24 468
449 601
926 469
379 408
345 536
767 549
704 802
737 498
229 182
105 376
622 439
987 118
458 872
850 706
501 790
200 531
647 331
225 928
781 853
252 479
256 436
310 763
902 799
738 932
981 511
159 770
734 606
627 682
226 849
668 376
635 247
892 286
621 440
53 444
401 171
240 157
242 455
333 924
322 431
903 633
644 128
187 983
156 237
429 622
875 450
838 714
964 913
108 51
129 490
238 730
866 945
61 99
335 324
815 78
969 666
478 340
460 711
814 274
672 295
947 525
930 995
787 598
683 729
888 661
601 368
175 461
417 825
110 926
957 651
559 427
563 812
527 649
913 749
701 646
651 433
380 535
178 658
418 820
606 797
274 164
757 415
701 956
617 740
34 260
254 187
60 757
22 301
171 677
700 883
907 70
299 379
251 512
508 145
181 373
475 88
579 350
685 10
20 36
60 985
371 776
651 970
266 420
95 950
310 933
95 689
815 712
727 44
105 485
371 550
669 147
96 863
309 611
274 12
777 99
895 589
716 112
679 380
830 248
355 216
839 122
807 664
477 725
23 361
2 870
655 356
640 716
577 56
726 384
598 342
835 864
343 893
839 152
677 77
127 154
273 383
2 343
420 250
991 215
399 940
623 886
519 298
900 691
749 769
896 742
329 49
357 611
547 399
303 525
676 233
59 249
427 637
223 68
710 824
345 916
22 350
975 428
854 791
896 435
642 171
21 30
630 459
625 19
244 457
797 589
319 281
430 610
399 401
257 504
774 327
530 240
173 650
15 673
931 360
804 852
276 51
206 820
998 304
983 68
87 115
824 563
938 612
321 463
690 848
932 789
458 672
556 472
134 339
156 319
284 356
289 154
551 230
80 1
775 478
583 529
159 821
588 361
169 973
886 578
228 360
431 469
514 939
6 192
908 698
973 434
557 976
722 882
654 991
283 194
411 905
342 867
570 718
826 692
763 327
995 87
729 39
948 327
830 781
860 923
437 966
633 707
117 338
613 637
961 244
891 887
468 44
390 4
255 484
679 582
141 851
853 500
614 821
795 77
173 433
9 592
731 799
516 161
148 943
974 669
313 938
351 550
546 956
502 438
106 999
504 997
183 873
511 172
594 592
88 277
767 127
878 828
516 455
934 626
149 794
442 276
794 33
305 52
309 548
606 842
555 980
131 752
598 375
634 659
706 868
28 792
82 862
297 809
935 311
673 754
252 221
915 685
382 260
419 282
410 635
807 472
704 619
154 580
105 242
875 530
510 571
37 905
108 220
970 964
742 838
30 66
987 109
960 48
79 468
81 410
835 49
562 476
368 586
144 356
656 827
753 377
458 599
739 954
170 99
977 881
910 351
157 621
275 228
603 588
986 880
477 635
498 566
687 664
221 465
349 28
18 81
494 570
705 905
248 716
412 377
623 603
386 860
406 283
32 605
855 692
934 813
937 95
645 406
459 655
762 44
177 139
677 5
236 315
535 427
265 811
585 958
757 152
45 876
709 503
982 191
735 561
903 805
472 948
767 224
771 783
865 120
266 550
863 296
371 243
154 791
706 840
550 985
845 551
646 536
168 615
150 459
634 550
177 495
175 876
750 924
396 591
950 162
54 919
20 803
3 695
264 296
346 337
195 709
295 296
280 127
409 669
599 894
931 975
642 949
404 936
721 916
621 627
877 521
663 862
545 279
449 378
600 934
285 20
324 558
623 74
589 102
205 718
869 502
503 88
507 29
346 917
340 762
661 587
521 248
613 834
392 36
857 176
108 270
18 34
492 237
890 296
344 312
911 772
753 976
806 90
339 659
975 416
36 721
787 891
94 107
574 337
316 161
197 354
969 665
428 222
606 198
908 709
314 590
131 12
853 375
585 969
912 375
400 745
274 636
793 532
614 588
908 195
321 575
710 51
396 47
276 531
448 278
666 445
922 367
154 73
379 906
912 21
508 750
469 848
954 496
790 106
993 94
757 493
850 321
633 55
220 73
239 479
886 850
776 691
872 936
666 217
619 405
824 843
456 139
475 189
24 275
576 320
759 213
447 307
927 229
896 327
401 927
363 344
609 264
224 935
408 97
194 590
358 293
480 956
575 332
879 397
437 154
220 286
81 192
318 695
559 863
46 902
584 41
177 757
548 460
417 70
418 249
193 198
7 873
713 532
914 987
646 64
63 86
981 575
873 862
91 777
587 434
169 583
92 972
998 710
218 188
310 708
26 875
467 663
708 575
268 924
730 19
472 831
826 558
4 934
5 395
354 319
145 62
924 247
84 404
265 342
855 937
640 678
861 684
260 828
442 842
929 664
514 622
752 293
995 907
8 159
339 687
213 842
145 26
532 722
574 333
338 525
503 785
362 391
288 494
914 366
130 257
973 887
444 225
671 610
395 943
625 484
197 120
383 333
370 668
496 559
814 9
177 196
736 341
898 60
40 332
400 58
689 759
483 980
429 422
965 244
70 408
808 621
774 538
923 512
214 695
175 695
608 910
145 896
661 970
112 765
976 610
503 824
647 185
832 710
926 368
893 995
370 288
850 982
188 657
376 945
778 154
176 376
548 557
307 335
312 442
251 781
603 464
968 883
623 29
953 1
425 661
649 280
812 316
54 411
994 606
364 559
542 508
856 611
29 215
308 18
424 527
958 76
227 194
686 959
229 560
162 960
530 303
496 161
526 771
658 395
951 818
75 103
79 631
649 212
653 644
195 926
142 187
751 637
866 217
792 748
939 527
354 37
374 416
468 45
730 440
217 363
58 801
610 210
496 365
922 889
64 97
232 899
999 885
788 866
666 322
81 674
511 259
639 163
858 566
54 717
463 441
322 971
676 14
14 941
770 87
883 450
993 134
317 708
176 984
384 659
840 271
90 690
63 81
35 198
666 451
319 431
780 179
672 812
21 49
842 345
618 31
980 602
517 689
148 180
955 187
410 747
336 967
432 879
846 182
869 255
121 895
214 300
968 768
932 955
742 982
1000 241
995 373
527 407
91 192
665 657
660 88
516 577
156 284
359 775
952 483
735 440
919 673
646 302
744 5
799 215
821 143
768 309
327 442
632 702
845 313
333 613
622 981
380 448
332 291
351 27
867 754
557 935
743 720
725 69
835 541
605 751
256 790
540 126
465 828
744 705
86 496
627 780
959 981
795 40
562 373
767 316
986 806
718 848
538 506
387 458
245 2
636 693
263 940
378 677
253 535
605 290
550 365
109 723
830 717
83 72
466 448
999 238
893 615
175 408
969 431
284 864
944 667
637 610
339 163
128 968
291 4
864 450
454 714
119 912
391 33
824 944
452 17
490 236
363 932
666 235
941 83
932 362
129 67
573 648
524 332
305 386
698 171
241 524
673 605
976 953
831 501
233 928
949 794
141 877
271 770
511 982
661 831
203 985
81 389
377 798
667 318
447 210
512 89
933 647
789 675
994 919
497 85
156 352
583 587
887 241
298 522
692 449
381 684
974 603
703 195
227 26
262 527
265 313
434 416
779 73
878 351
735 178
612 143
360 520
235 660
716 221
368 51
838 286
723 651
501 249
17 106
571 847
383 229
420 881
307 482
425 989
492 836
691 470
322 591
161 843
221 379
258 231
701 49
459 682
922 782
227 726
501 27
196 559
783 543
404 700
776 455
425 767
279 268
27 863
193 587
912 135
913 850
656 726
814 242
763 710
620 197
412 770
343 558
289 915
715 603
684 554
850 318
192 444
512 987
415 242
441 403
832 844
906 719
45 113
459 463
586 855
629 851
576 321
813 108
816 208
67 342
488 801
969 792
768 659
287 837
653 212
936 585
594 93
136 644
850 898
523 40
506 956
34 87
641 165
492 767
789 997
38 620
815 869
981 589
564 603
739 535
556 967
544 519
686 710
105 491
731 427
766 336
533 337
424 901
703 1
741 222
48 581
322 124
621 376
214 54
731 472
720 87
941 797
47 914
736 542
765 697
532 270
716 483
592 17
992 904
62 245
30 599
342 837
74 687
991 56
96 959
479 468
426 994
583 994
109 855
476 638
900 8
151 150
958 258
616 437
529 290
692 874
867 196
735 965
745 861
690 198
339 908
7 560
364 329
818 41
377 178
107 489
842 108
715 758
329 55
511 283
187 433
158 594
87 262
987 726
269 683
534 153
997 593
138 970
914 819
954 260
862 645
242 562
742 495
465 337
927 75
141 578
71 769
257 77
385 176
719 949
298 627
819 947
641 487
42 636
722 10
741 318
101 223
85 826
140 525
15 675
290 126
533 34
827 333
479 598
190 415
524 491
405 458
358 593
54 382
845 161
826 600
122 672
222 644
983 55
363 854
807 229
86 958
432 561
198 676
457 784
742 533
657 661
18 329
664 363
459 89
939 211
251 219
507 181
768 473
368 413
541 172
744 968
199 40
535 562
772 384
866 359
259 367
244 695
631 37
298 267
356 517
692 223
35 756
787 837
471 820
311 515
912 402
285 688
658 170
880 486
991 306
994 114
83 337
100 657
589 588
912 289
128 719
258 172
700 439
596 514
344 897
26 85
235 711
620 781
956 296
685 327
131 583
888 96
45 185
233 169
223 770
357 200
674 282
547 24
819 991
113 604
665 453
918 913
388 612
885 546
910 49
319 140
788 389
987 276
242 907
945 678
930 82
414 803
519 132
560 507
355 713
707 124
601 737
252 71
702 417
207 973
940 494
941 579
639 974
587 611
56 153
627 290
954 702
424 605
367 999
939 174
155 735
656 844
415 720
513 757
623 278
441 722
264 117
561 705
963 693
913 408
930 534
644 280
812 982
299 557
143 117
643 576
4 14
298 495
933 65
472 22
143 709
250 151
359 347
42 540
417 154
313 859
795 43
925 932
451 753
303 880
294 605
120 742
874 435
372 471
482 580
196 746
452 892
897 665
804 120
642 79
884 910
791 338
409 976
874 228
233 244
222 700
741 660
903 133
172 401
85 912
915 715
733 208
880 684
298 587
353 556
944 73
11 98
627 194
755 953
737 390
392 539
465 187
780 950
394 201
930 7
594 408
815 832
484 112
836 493
54 294
591 581
155 925
66 368
105 270
143 244
290 648
57 115
590 263
810 597
134 281
337 675
435 414
664 308
441 893
151 574
782 324
179 305
307 868
659 251
136 92
544 329
561 749
764 492
198 398
840 528
830 195
194 353
692 224
278 385
602 277
128 342
559 225
297 11
822 893
572 364
739 485
631 819
412 637
774 899
41 797
334 698
154 36
528 281
356 898
395 786
433 219
573 231
22 87
645 640
117 779
693 925
953 845
291 82
884 883
940 426
916 377
872 795
282 307
10 605
249 828
953 702
1 345
241 892
633 166
279 578
229 275
357 814
999 499
858 709
894 31
124 851
385 171
974 151
421 829
978 42
580 266
767 996
401 925
738 258
183 279
404 96
685 945
485 91
747 632
875 591
747 253
163 987
147 446
43 369
959 192
638 994
769 495
203 631
385 486
258 876
319 85
813 431
191 111
673 228
803 617
273 534
721 144
834 849
763 848
33 246
503 163
368 739
479 49
389 217
651 570
156 244
265 499
490 794
442 985
973 395
521 26
134 551
193 121
426 723
751 649
558 88
789 326
459 922
960 645
388 406
804 542
774 180
919 319
942 644
13 144
52 714
296 156
748 194
326 104
185 326
297 374
5 589
672 326
505 507
287 343
804 323
625 781
880 217
323 844
610 965
60 51
79 977
728 989
433 199
141 270
2 116
311 226
4 94
666 415
705 435
45 946
58 335
679 995
390 646
696 783
488 608
395 28
287 26
385 177
571 135
672 770
715 889
182 151
699 92
618 57
177 309
470 914
822 423
936 550
868 545
98 785
891 907
724 589
836 7
711 917
733 905
21 509
124 384
418 283
55 722
467 998
911 277
128 364
846 890
117 874
713 618
485 913
941 466
907 722
893 293
289 159
741 241
346 843
40 658
464 754
63 298
856 532
623 354
586 515
849 344
908 754
375 373
415 962
437 883
625 122
865 715
278 478
207 556
743 686
139 772
726 984
625 203
532 513
436 414
539 225
209 876
639 510
421 351
425 788
338 495
744 630
230 545
804 272
252 821
553 16
168 50
460 778
524 663
232 901
421 689
704 51
959 345
671 721
893 577
178 422
839 927
700 39
849 667
576 125
758 789
551 996
235 296
461 227
432 550
832 774
176 986
858 778
141 532
296 579
225 355
281 177
193 973
310 36
662 329
186 126
295 432
101 353
27 930
287 796
128 187
849 359
82 334
689 510
530 826
358 739
784 470
141 839
493 392
631 747
983 25
262 997
524 392
68 796
507 276
114 206
315 941
446 145
85 575
929 169
413 504
659 256
753 646
825 1000
425 410
613 73
595 722
906 171
893 457
809 572
57 199
355 934
982 1
946 106
803 910
109 303
720 16
32 498
787 130
166 77
692 13
17 499
41 501
857 123
108 459
330 989
437 807
791 824
811 194
244 571
762 952
544 123
127 70
35 608
805 76
516 241
221 277
227 700
501 5
728 119
639 355
70 26
92 742
678 293
292 480
957 498
583 344
89 556
73 802
988 514
921 353
595 311
892 920
896 673
862 288
704 142
317 629
102 245
106 248
380 527
1 380
664 556
295 630
560 973
98 516
463 268
746 936
874 229
875 836
713 33
415 169
168 325
185 632
93 799
323 774
516 875
663 516
978 214
815 635
840 11
313 384
926 473
116 480
586 610
271 780
664 704
681 846
245 791
104 917
747 701
587 656
769 307
533 458
848 276
191 74
820 922
198 850
859 180
200 535
555 159
424 939
756 564
393 144
858 68
952 385
256 392
99 376
997 415
288 25
354 278
313 555
96 917
429 729
564 52
999 584
21 190
476 523
973 857
526 27
305 693
25 59
161 841
519 822
921 547
981 303
288 564
680 982
442 489
47 804
923 362
242 470
671 536
201 70
349 70
408 483
740 873
49 394
947 401
913 737
917 858
496 917
63 697
961 765
176 787
162 730
145 520
846 304
530 155
559 661
449 878
301 133
653 368
573 569
97 352
480 360
98 923
308 285
170 305
755 999
77 303
272 691
877 203
55 344
883 75
647 116
426 392
145 808
725 997
742 781
929 224
747 665
436 976
163 568
773 319
18 786
780 697
345 282
879 221
167 241
617 326
998 709
933 522
751 791
207 821
463 735
906 498
910 282
262 336
584 631
469 219
677 390
22 581
922 640
900 10
706 297
606 278
581 787
914 365
628 921
679 559
740 559
691 165
969 267
418 515
182 552
25 355
219 725
511 261
168 373
667 845
935 284
616 883
690 38
619 84
611 186
757 462
461 641
891 136
410 321
684 671
595 12
232 614
858 678
884 575
236 962
332 513
719 951
81 775
797 585
323 990
953 162
879 317
383 898
591 361
776 944
929 418
379 471
492 846
924 739
962 426
546 173
765 23
141 947
395 948
691 777
963 44
711 698
267 997
533 258
347 275
230 690
636 411
68 735
53 173
901 511
66 40
838 842
915 47
972 4
631 257
78 643
768 475
312 839
186 864
208 744
264 42
468 842
326 280
934 91
94 260
520 820
558 663
795 803
544 481
302 465
801 502
969 628
87 657
444 762
981 117
165 103
661 866
8 190
517 355
481 419
279 80
644 890
98 428
600 86
168 137
753 584
266 142
442 417
814 185
687 181
304 386
657 386
418 662
594 991
116 431
667 809
61 506
227 974
306 451
719 696
951 401
851 37
762 456
249 763
214 871
789 359
10 350
854 823
374 781
358 390
529 618
489 53
162 373
415 95
721 642
3 607
208 475
297 958
987 323
882 407
404 25
461 24
387 845
875 534
362 751
536 344
419 636
802 39
622 412
768 123
287 573
920 934
426 211
827 170
285 12
603 49
972 842
739 593
170 220
461 459
155 544
941 577
85 431
237 33
859 216
143 3
56 155
664 474
424 607
599 154
412 32
591 980
40 655
220 773
247 252
284 106
342 784
146 7
330 760
757 703
777 447
579 999
964 811
269 331
217 170
238 592
810 177
549 460
274 370
469 501
199 812
93 297
352 749
373 73
307 375
488 900
727 927
982 940
843 502
75 576
338 242
139 495
729 451
326 851
664 702
353 983
41 418
715 513
943 529
658 739
782 156
428 37
548 246
7 99
375 549
600 541
379 558
802 813
132 688
579 361
484 227
894 415
252 135
180 676
381 357
989 614
49 946
108 194
812 481
327 740
962 261
75 915
238 48
630 886
960 878
975 853
263 697
397 583
56 183
899 669
510 900
632 618
513 727
94 418
431 393
605 814
159 926
53 391
808 479
307 4
113 373
866 301
959 564
67 444
790 546
442 660
114 921
776 236
69 403
880 32
992 618
59 389
39 939
117 391
580 801
32 987
720 683
139 442
321 563
639 151
987 862
352 471
461 523
491 73
410 251
709 485
314 799
421 985
725 815
818 351
710 977
719 481
399 666
681 749
77 460
576 469
690 357
89 858
515 338
628 489
390 442
766 91
625 905
384 111
672 292
957 842
210 337
729 923
713 318
825 724
395 911
347 104
129 221
885 536
816 49
428 303
290 456
437 23
4 622
4 460
800 517
484 22
727 186
918 697
233 675
697 236
551 249
241 152
919 885
631 399
480 772
30 466
863 712
366 368
580 840
107 51
621 262
43 844
122 847
696 18
915 496
763 202
835 585
433 569
565 368
680 518
473 776
4 192
126 745
368 161
810 280
460 657
28 333
305 720
896 989
307 318
92 568
274 717
573 39
259 163
192 78
853 279
106 908
753 675
991 761
26 205
515 3
75 520
317 587
732 878
288 831
205 554
520 634
941 246
391 213
28 817
548 40
954 259
546 601
983 908
915 660
759 869
125 190
682 785
906 881
671 51
343 386
200 148
220 335
901 570
977 332
172 234
860 159
147 476
756 472
647 91
154 668
48 439
447 49
87 14
181 197
347 229
557 330
613 194
477 260
501 856
339 184
752 810
980 924
972 807
954 822
830 349
522 18
389 25
125 343
604 954
509 570
717 245
637 550
545 76
638 585
511 561
789 585
350 881
929 862
131 442
507 182
474 60
631 177
463 547
598 40
751 520
442 874
593 730
478 100
248 693
322 400
962 80
490 250
833 4
352 210
464 929
504 910
969 708
161 903
737 608
978 906
304 677
122 436
588 697
93 373
204 690
705 371
192 170
947 298
379 651
827 960
330 232
3 130
728 955
233 483
774 728
847 434
405 395
451 453
767 203
148 483
573 414
120 26
783 999
846 361
684 380
334 61
797 955
231 655
515 426
24 335
534 400
301 861
171 369
172 206
855 459
652 513
879 449
979 535
418 317
987 377
299 98
53 31
935 81
705 576
513 857
312 6
864 563
460 134
687 577
778 367
694 651
958 304
61 774
578 400
407 510
209 531
337 614
697 262
682 82
817 282
556 575
705 787
887 15
51 129
990 859
166 210
446 674
127 379
455 304
960 382
84 174
302 349
478 176
400 165
761 262
640 831
364 381
58 944
538 454
478 269
540 280
570 95
690 141
304 464
984 402
109 719
721 770
444 276
525 93
28 603
281 113
870 797
282 474
49 509
473 976
326 995
47 380
862 689
975 498
603 547
286 269
414 326
987 384
474 757
702 949
149 27
645 998
138 195
926 317
529 597
860 33
73 721
951 154
702 772
560 813
505 862
685 987
485 181
368 909
21 307
884 333
246 930
416 499
896 13
965 865
20 253
539 903
815 818
636 365
622 296
327 372
272 902
954 750
740 147
116 661
959 115
68 528
569 13
574 798
226 760
155 700
314 429
263 713
583 724
66 663
494 505
557 741
616 191
502 900
998 825
240 147
863 501
442 947
648 250
649 135
354 135
48 778
91 748
990 776
868 492
66 930
340 197
378 112
820 335
622 727
313 779
641 817
624 983
911 545
240 960
293 999
460 765
944 974
996 863
786 333
473 638
662 856
447 939
308 104
942 440
211 174
201 68
308 808
148 581
774 785
858 942
383 293
405 451
926 639
966 364
823 237
348 956
264 974
895 303
975 327
558 469
689 90
447 318
90 537
152 761
400 619
936 589
495 34
983 273
102 832
858 482
346 318
257 263
376 45
388 575
560 88
686 488
892 155
57 793
100 188
323 147
968 860
73 952
976 199
637 168
986 96
53 87
971 508
574 683
203 555
392 231
345 137
669 30
490 793
790 882
497 343
504 661
981 909
947 789
398 223
187 920
904 96
921 96
393 509
476 634
166 282
208 556
681 570
729 126
739 437
10 917
526 501
16 270
880 77
554 770
369 712
335 471
562 313
546 914
512 703
490 364
653 108
311 334
900 419
296 573
219 727
878 810
884 803
46 120
429 16
125 501
63 594
22 481
301 86
432 395
287 7
415 210
774 543
421 845
10 440
176 896
374 807
68 246
465 509
931 48
139 101
253 31
660 321
550 885
974 97
279 833
618 439
158 18
73 634
523 72
154 669
110 59
655 639
648 743
404 357
333 393
924 620
972 350
30 507
659 489
110 69
771 451
673 133
838 825
711 581
787 397
988 538
111 357
938 227
426 31
635 855
749 433
806 298
365 26
863 303
665 986
703 182
246 295
900 187
895 670
930 526
575 456
602 438
765 970
911 970
570 712
442 875
204 894
616 262
191 721
247 824
297 152
714 959
161 533
255 285
166 262
260 847
501 189
528 567
856 420
340 253
882 559
251 426
508 193
908 930
156 671
153 563
250 152
273 349
562 477
301 263
486 781
896 809
219 642
697 790
628 622
554 905
594 586
923 340
763 533
32 627
767 101
257 570
151 378
980 274
943 910
128 993
55 222
374 468
318 846
689 128
979 692
157 618
845 573
2 889
866 632
6 913
707 548
745 377
854 821
324 124
9 637
176 59
820 764
984 866
287 793
825 674
717 340
485 144
158 14
430 755
467 978
167 964
295 147
725 810
944 143
176 281
329 152
146 577
110 246
38 627
864 982
722 268
941 558
265 213
512 114
295 951
751 107
648 530
612 291
705 583
502 671
618 732
195 293
712 409
17 581
294 171
556 794
8 256
872 95
502 782
158 458
669 966
994 183
873 571
801 182
730 212
824 17
83 930
190 842
130 401
830 761
273 910
990 813
991 124
418 606
122 247
340 162
765 366
627 866
433 465
221 274
493 525
260 946
905 547
654 358
724 494
463 122
247 723
624 138
885 93
888 751
580 749
191 622
763 561
909 253
287 185
435 586
936 165
573 304
336 977
922 120
546 700
563 838
395 200
306 485
895 421
718 486
723 12
528 110
124 519
430 962
36 349
443 309
569 999
487 516
860 34
861 279
266 960
461 937
797 527
319 351
893 934
253 455
492 769
521 725
958 610
565 644
275 185
345 609
592 750
129 864
350 754
618 286
824 497
433 830
589 143
384 850
369 308
552 847
80 48
601 626
695 718
807 62
518 439
631 346
890 592
657 593
363 560
184 221
856 741
485 729
436 307
192 727
800 22
235 651
697 658
626 344
777 298
688 891
563 377
467 332
912 591
622 724
914 245
532 708
735 95
368 135
406 313
463 824
908 923
891 821
106 519
487 134
131 509
404 714
728 86
395 953
87 953
457 64
958 498
648 810
299 563
452 717
846 339
533 740
292 150
225 93
340 378
748 271
931 825
733 509
440 892
666 54
831 848
903 455
818 349
269 531
888 489
686 156
449 867
196 488
760 53
550 774
111 799
756 32
719 988
923 683
35 828
328 911
366 843
976 523
298 555
614 29
229 497
512 365
968 127
56 537
24 55
632 204
432 812
289 917
242 975
759 598
25 915
376 867
244 750
357 494
285 65
432 955
495 368
246 574
319 934
108 571
181 897
775 499
728 80
60 677
470 971
753 148
386 589
830 16
126 781
805 350
130 582
222 480
169 244
777 501
449 132
69 595
929 658
969 605
182 914
808 477
91 715
156 894
985 235
577 49
148 727
744 542
766 991
490 730
499 441
705 149
870 617
391 416
658 869
933 429
40 20
746 698
343 600
880 812
273 402
332 773
974 492
27 687
68 465
535 207
538 209
22 486
23 923
504 415
286 315
953 734
441 434
684 666
944 311
854 814
945 730
510 292
665 67
168 549
998 201
72 65
756 427
44 31
72 464
660 305
646 772
673 954
986 291
368 982
96 421
299 120
674 68
267 998
647 463
589 87
350 597
885 796
869 423
713 651
879 242
260 500
160 912
34 713
623 249
420 754
938 115
841 284
161 714
180 210
18 213
91 521
772 510
432 325
818 126
601 836
564 120
861 650
476 680
867 9
939 500
908 637
766 793
700 767
921 766
540 16
985 199
36 791
771 348
923 9
247 601
213 985
888 613
687 193
799 539
286 746
69 250
733 706
862 336
637 999
603 827
322 850
876 269
681 265
903 510
170 782
118 712
81 717
741 512
487 317
474 620
201 236
954 434
222 570
758 920
110 699
36 314
183 181
614 251
564 843
266 178
765 214
971 891
917 113
426 444
542 774
926 481
729 977
245 831
232 242
896 35
471 333
441 906
594 320
315 929
389 490
561 905
156 491
543 523
410 919
233 320
350 561
96 560
582 944
643 792
626 192
129 598
259 515
96 687
225 425
636 41
656 833
933 975
735 311
39 380
192 605
816 519
817 850
657 517
665 243
968 706
695 785
865 890
682 80
442 925
276 641
388 475
907 977
912 725
86 296
18 72
443 237
773 968
78 956
923 551
195 864
715 145
17 384
917 797
75 150
97 946
499 962
596 476
71 354
311 403
666 654
919 208
443 795
886 109
559 185
905 546
139 514
624 60
933 404
59 491
919 65
706 526
766 614
793 690
272 143
645 706
981 69
746 773
386 266
650 591
724 828
385 66
574 11
371 105
262 264
335 962
963 429
803 52
988 1000
935 563
188 736
144 579
138 108
911 427
38 525
6 47
785 924
915 797
533 470
518 138
846 775
684 166
722 497
688 161
998 578
142 654
950 737
47 535
854 397
588 345
42 613
511 634
458 626
411 808
105 531
218 338
937 480
222 378
459 100
242 364
117 576
807 606
588 63
355 164
416 800
882 687
387 225
479 271
262 59
187 604
867 174
706 368
549 902
535 343
576 876
424 9
904 819
724 412
282 235
2 547
956 127
114 886
444 331
626 896
698 674
536 424
793 654
922 42
705 426
923 287
597 748
799 352
379 899
782 598
567 964
148 566
210 923
357 984
619 509
159 86
917 358
496 792
6 975
542 557
300 168
174 369
914 856
771 993
963 107
245 548
998 34
727 480
709 149
747 494
205 502
777 717
867 985
600 764
820 693
238 262
884 316
29 976
209 12
381 450
510 634
95 552
812 448
744 278
800 536
281 537
848 500
439 731
747 810
640 480
263 4
898 808
441 819
260 273
855 37
274 245
661 519
994 548
646 357
189 262
781 706
13 600
51 477
288 57
507 175
273 811
995 210
189 375
887 64
653 520
322 280
964 735
549 759
142 55
933 872
489 609
221 518
631 95
291 680
553 285
916 905
425 914
250 89
507 75
202 196
717 739
135 760
794 156
800 273
31 571
783 456
491 46
773 546
706 711
40 432
804 328
95 704
57 718
754 763
225 15
443 944
482 918
391 304
339 3
463 523
329 40
607 426
832 896
870 840
853 630
841 86
519 581
595 419
876 66
229 906
836 991
805 828
684 667
854 815
103 345
306 573
970 532
419 358
600 553
625 526
243 575
530 402
774 319
499 133
408 691
582 536
626 616
717 319
220 761
669 444
119 485
409 606
848 321
686 629
46 788
985 616
252 57
768 2
27 587
594 887
647 378
372 706
433 926
985 665
87 361
694 819
983 524
181 996
631 364
336 147
924 780
464 9
716 430
384 569
403 263
428 850
341 95
624 597
271 260
867 732
846 648
218 445
147 891
791 674
407 181
209 726
530 200
169 96
278 322
606 782
782 978
360 725
827 743
644 983
973 797
600 422
65 288
680 771
761 216
45 751
905 662
176 610
377 231
988 449
115 599
386 5
116 260
600 201
631 106
667 737
794 41
23 841
26 95
745 605
235 303
552 507
111 624
154 827
525 280
763 885
514 43
932 494
132 954
249 146
315 484
149 433
727 571
174 425
16 839
377 866
306 711
76 719
955 180
977 284
492 799
719 772
595 778
372 401
789 950
96 467
64 881
29 993
431 957
513 956
56 833
312 299
629 728
703 865
730 287
265 219
911 372
897 398
437 509
944 235
170 216
280 440
673 167
178 767
655 883
893 452
436 59
983 804
706 169
816 681
160 205
252 291
517 143
369 249
385 892
213 440
847 825
208 712
49 852
412 450
325 559
237 339
40 913
484 192
744 697
982 343
70 893
697 741
320 208
448 5
984 119
527 873
987 936
165 375
696 299
148 846
723 978
10 939
680 333
623 697
148 829
802 214
829 194
926 868
50 43
378 684
145 261
53 916
700 81
505 295
6 593
20 15
743 226
68 298
125 327
625 647
590 691
742 478
563 761
158 831
180 787
163 199
127 670
20 836
572 889
441 489
941 76
873 302
295 339
631 625
817 215
768 829
362 700
128 156
246 822
851 400
525 623
160 557
379 403
569 711
981 2
999 848
928 546
251 861
128 440
806 519
698 404
39 172
920 902
632 400
190 296
659 291
692 345
837 848
360 108
61 694
912 169
27 458
981 773
307 615
330 649
493 939
920 723
725 256
318 174
467 624
564 130
674 990
839 504
612 182
578 98
523 687
981 103
599 408
157 768
114 514
498 677
248 752
639 556
87 853
390 848
571 693
832 135
254 360
92 711
662 863
934 976
370 993
762 187
871 367
799 466
302 94
783 661
607 433
386 205
940 548
408 429
836 597
111 334
412 793
767 63
168 301
496 906
315 78
906 615
390 668
463 382
350 638
789 298
499 394
599 583
26 820
515 342
112 713
638 10
271 585
989 420
115 75
43 486
499 168
390 73
929 409
608 216
368 861
276 32
224 721
298 696
432 814
132 551
461 173
542 238
926 73
820 980
858 259
640 114
588 408
290 311
807 254
281 680
302 770
134 385
531 776
877 950
916 342
122 500
63 431
618 530
123 144
432 667
750 111
721 283
191 331
730 27
367 258
414 686
240 291
994 660
192 646
514 847
92 871
94 301
973 534
354 166
251 274
288 280
587 412
952 879
346 514
221 694
900 503
518 578
528 974
356 767
50 318
783 346
675 415
528 605
32 908
273 374
718 864
644 899
403 791
122 850
796 838
727 978
676 316
92 683
351 602
500 128
729 398
213 549
269 851
876 609
917 679
611 942
339 243
503 956
487 283
823 349
55 247
349 470
84 677
512 958
362 67
333 218
163 159
770 365
358 338
205 264
868 600
408 214
428 233
690 660
837 323
931 130
626 534
185 804
686 408
971 31
6 101
64 790
484 167
548 488
508 320
137 363
929 135
821 401
713 568
755 149
938 351
84 150
446 78
929 112
432 552
587 636
788 189
777 164
181 257
375 45
109 385
807 461
293 330
792 423
479 19
852 735
50 754
692 384
490 888
109 18
672 117
425 211
925 262
986 788
666 918
123 267
450 729
803 343
491 495
952 779
147 747
386 881
540 18
815 152
249 209
123 760
964 978
430 405
539 170
939 660
905 516
544 196
781 169
235 115
619 958
79 770
691 132
917 586
793 724
645 603
405 294
961 926
512 892
624 968
550 712
112 420
476 157
500 11
927 502
319 75
2 965
413 5
448 533
362 935
76 889
607 687
186 137
663 649
520 745
10 347
799 89
548 223
236 803
475 253
42 968
996 521
432 136
993 312
771 585
261 507
210 277
586 584
110 266
367 153
280 155
689 321
48 343
391 761
591 622
498 107
636 325
122 278
769 346
883 754
207 970
812 280
206 571
854 359
966 21
198 763
365 106
627 299
665 522
13 526
485 593
656 835
342 186
125 554
259 658
665 955
526 884
470 350
365 140
846 741
429 751
545 846
378 233
839 420
643 585
354 110
616 357
299 947
249 380
670 582
13 833
871 392
406 272
972 489
97 801
574 269
499 629
390 772
118 921
965 880
911 187
126 436
936 394
847 380
409 270
656 156
804 385
951 722
183 836
176 670
799 398
568 964
515 95
946 769
300 823
552 472
456 461
366 592
707 628
944 354
282 329
84 733
896 453
953 532
914 882
926 566
979 872
449 821
230 146
140 750
551 652
219 175
127 622
720 964
846 504
627 689
137 624
599 640
103 497
769 107
772 862
70 376
385 354
576 440
588 363
506 928
306 804
452 477
642 573
114 236
522 71
137 419
251 973
180 455
868 84
183 22
569 17
990 579
882 120
100 141
345 34
787 55
934 442
683 134
7 324
47 887
380 957
477 598
803 864
78 879
770 689
791 741
522 618
463 916
100 626
283 50
675 788
87 852
127 283
222 37
259 61
614 795
448 98
835 654
719 500
683 578
888 560
503 693
586 411
880 771
787 721
935 583
427 721
283 638
470 572
819 672
16 83
918 883
447 580
417 529
73 407
326 963
628 327
77 455
849 630
496 794
443 229
444 538
875 806
179 735
999 746
906 838
289 840
225 542
86 321
742 37
465 15
873 410
431 790
177 659
965 458
401 807
827 313
890 959
465 152
284 628
837 640
786 658
841 581
290 858
322 405
281 574
601 689
972 290
144 925
164 913
695 407
210 957
39 83
431 741
778 336
835 129
532 167
276 613
830 388
635 828
262 592
899 525
459 2
534 281
193 114
393 400
126 816
240 179
46 578
365 485
458 217
369 994
604 248
496 506
294 690
102 831
122 413
654 178
838 447
677 115
678 276
511 45
3 28
335 339
429 874
966 19
495 537
151 509
338 292
514 154
19 855
822 749
824 542
93 959
742 276
796 660
653 317
103 202
505 591
159 52
931 935
167 766
224 912
388 761
337 151
104 678
530 958
233 70
186 468
777 751
889 531
290 118
642 963
495 435
65 702
855 13
307 745
803 300
197 709
171 44
262 899
727 85
643 912
642 741
777 858
47 600
369 66
833 467
261 90
217 950
617 352
19 104
882 896
427 511
229 551
181 644
652 791
691 715
394 863
568 126
643 620
514 377
207 697
78 935
134 661
430 268
87 687
491 494
202 151
38 497
369 910
958 294
728 243
212 460
123 763
985 196
126 526
638 789
311 392
80 726
959 728
896 958
81 274
829 188
799 516
965 812
107 60
317 540
788 875
53 958
949 70
809 304
282 80
871 438
666 506
922 96
864 546
50 871
876 415
291 19
511 436
685 191
443 188
463 305
728 734
822 376
789 353
426 665
542 619
102 34
395 398
456 176
111 848
944 421
928 826
413 830
34 181
536 303
58 63
168 659
744 434
841 652
7 703
438 258
831 297
279 982
211 900
527 388
920 940
427 516
781 981
964 349
167 38
705 603
280 728
358 28
381 558
973 362
155 727
198 523
952 91
476 873
682 204
415 239
904 222
833 296
246 263
941 861
47 850
160 62
644 256
866 400
450 782
43 651
942 997
528 873
584 949
218 415
455 414
494 704
904 146
70 883
757 987
443 687
64 184
448 7
847 813
861 909
166 433
829 111
98 475
374 308
911 633
634 104
891 523
783 691
364 393
2 132
701 774
620 218
32 82
519 638
797 888
775 257
102 236
488 528
140 905
434 682
290 886
403 710
547 222
314 88
362 920
325 276
366 960
537 468
232 420
626 716
606 590
661 895
427 861
724 541
854 964
124 737
732 480
88 964
264 590
513 109
896 147
350 758
646 963
8 627
11 70
953 215
459 426
704 879
721 172
995 477
647 700
268 867
530 586
413 326
826 417
350 931
799 656
946 666
507 132
611 282
223 192
540 774
491 443
651 615
731 661
809 803
833 165
887 494
347 959
394 791
624 750
291 689
19 382
666 975
829 401
290 105
504 604
752 130
493 604
779 774
335 329
407 108
122 390
606 204
878 561
939 735
391 440
914 403
793 738
421 737
406 31
923 355
511 366
396 432
992 829
116 493
23 883
497 706
296 627
426 718
577 518
854 310
709 1
50 958
514 17
310 116
888 92
483 640
979 775
104 938
714 269
552 723
367 218
874 539
228 852
780 963
729 925
750 561
586 574
437 224
516 965
760 773
210 717
561 244
849 49
759 594
137 333
411 634
102 679
730 858
295 36
977 149
206 705
820 837
808 901
749 676
238 214
845 406
702 353
850 556
854 428
203 218
315 961
773 218
889 446
119 70
502 842
548 906
950 994
365 194
498 997
706 30
320 461
374 176
545 132
48 860
583 836
329 529
428 911
142 165
676 489
4 206
734 466
25 753
60 229
353 341
101 991
19 815
262 774
576 843
487 55
269 960
163 325
678 499
292 39
737 917
227 586
827 811
754 841
6 652
465 686
461 698
581 153
895 377
110 675
646 591
849 593
831 705
319 445
121 414
177 476
158 599
56 731
111 831
393 644
768 840
362 867
367 22
933 569
410 669
910 786
470 773
239 72
68 800
328 653
848 324
955 504
190 279
427 67
670 29
6 389
851 680
180 440
199 364
369 65
483 201
360 796
161 349
644 414
510 966
654 198
947 711
490 870
198 447
706 884
385 902
316 336
333 968
673 363
805 382
734 684
535 581
312 829
203 713
958 340
28 137
364 478
666 791
625 195
40 839
59 111
44 887
207 421
762 940
252 990
329 367
876 107
734 89
960 54
726 557
451 685
829 894
179 858
809 311
611 895
524 798
818 63
264 196
795 277
192 334
603 940
879 523
774 621
944 376
965 222
201 353
419 182
2 882
629 865
273 906
590 884
129 112
729 865
907 42
769 13
826 86
737 369
385 260
404 190
591 507
119 458
287 570
242 756
901 314
435 167
372 690
156 487
578 890
241 201
830 355
119 232
947 517
251 912
379 71
752 731
74 955
330 513
648 998
223 350
773 883
320 535
764 82
271 244
433 615
868 439
995 158
27 400
669 961
851 930
198 411
400 360
632 158
531 145
40 916
114 541
478 74
360 677
745 129
593 585
960 372
256 927
123 655
155 836
268 482
287 390
382 768
438 534
519 859
41 808
633 966
727 204
804 387
847 495
597 724
537 141
957 748
197 183
228 595
987 390
59 939
229 375
943 655
233 140
841 358
290 221
875 249
537 941
495 20
857 790
135 423
840 51
681 805
797 699
724 653
11 234
530 790
586 618
493 356
845 143
829 778
551 767
828 931
725 969
745 11
432 916
641 192
294 494
594 288
685 759
413 468
128 300
848 411
596 969
833 489
280 407
299 469
539 699
246 753
726 207
485 627
44 605
961 510
815 399
85 174
86 217
986 859
403 689
497 318
795 883
818 560
502 9
48 768
434 297
655 817
921 777
792 703
585 660
912 580
160 313
36 708
239 959
758 489
84 200
933 35
738 93
991 381
596 355
812 136
856 16
50 123
550 308
454 473
348 884
240 853
205 989
593 855
867 432
151 475
154 45
525 234
502 501
438 877
936 220
784 59
433 35
291 93
974 962
757 498
548 51
434 591
932 466
872 915
339 310
819 576
509 122
974 156
906 836
814 837
637 382
382 30
750 583
475 39
936 563
8 818
336 367
194 581
121 739
87 479
825 733
275 764
134 65
798 849
954 938
301 577
110 179
57 37
43 22
924 949
746 475
33 28
803 528
788 164
155 737
617 334
545 441
365 48
826 578
596 860
668 289
501 528
448 517
322 229
413 525
455 67
477 519
648 781
134 540
252 653
994 258
575 291
269 140
950 970
75 197
661 854
421 465
579 809
179 163
610 197
256 936
541 401
49 627
429 456
966 134
878 978
611 245
724 444
796 833
671 599
672 351
527 979
948 516
589 970
495 539
685 439
102 61
581 358
871 29
874 259
714 424
111 600
866 767
244 63
413 566
489 176
732 788
235 468
336 557
528 171
486 167
395 289
751 409
93 863
556 345
271 623
481 710
23 655
353 611
998 335
107 956
825 761
113 575
719 733
668 833
885 709
9 452
337 951
798 196
984 235
564 392
432 152
702 544
9 341
893 331
551 773
542 88
270 319
555 223
369 64
540 681
19 434
910 334
846 63
184 43
792 426
226 698
7 757
692 387
151 177
661 648
496 220
739 872
764 301
123 415
344 416
736 994
39 693
557 952
36 714
65 26
283 79
800 83
175 85
717 562
830 787
310 151
92 612
683 639
649 931
445 320
710 340
179 812
307 355
40 102
499 523
117 120
463 108
476 233
166 629
139 507
267 270
434 821
736 413
864 322
975 118
667 801
740 809
675 362
509 192
435 741
111 636
737 37
455 798
707 669
965 221
508 408
179 744
584 121
555 849
718 319
955 91
926 712
289 645
788 681
607 825
993 747
232 473
185 837
17 153
524 385
907 267
356 810
158 131
44 665
256 135
828 783
650 123
581 577
453 990
976 133
151 703
831 9
199 652
330 526
207 836
510 995
332 455
316 988
522 787
636 708
416 938
609 74
584 493
882 821
683 812
702 24
388 448
282 591
448 379
832 647
130 698
458 31
387 25
688 804
356 690
690 347
213 791
325 845
252 995
593 985
499 630
575 601
706 664
750 419
770 893
148 825
240 810
738 41
390 906
874 441
274 927
500 251
286 602
913 764
849 766
866 820
776 564
671 845
837 85
567 876
235 271
642 69
712 769
861 218
927 297
714 371
533 797
572 885
392 807
444 736
968 506
272 561
718 138
186 27
868 531
499 208
51 923
50 762
642 790
884 293
685 980
389 279
229 40
211 565
858 440
767 552
826 473
774 660
43 156
246 933
462 742
431 605
949 144
876 976
935 413
994 827
594 289
246 980
228 103
472 805
109 292
905 959
151 707
704 912
910 660
147 104
561 650
714 652
554 469
114 348
152 577
959 862
947 830
894 865
237 418
652 848
284 245
415 909
36 630
574 242
758 383
960 290
812 835
818 640
981 212
602 283
970 696
400 361
130 670
131 235
316 181
299 801
380 627
175 242
416 515
793 631
999 801
288 589
1 516
588 760
994 163
822 917
201 77
597 649
330 299
59 379
616 768
249 857
560 841
27 630
53 610
382 110
376 195
286 336
159 226
932 290
718 375
258 721
496 876
893 979
159 371
609 260
202 978
521 874
59 807
686 384
140 540
460 455
422 626
707 768
64 782
157 255
198 917
197 750
849 55
595 951
218 110
881 742
113 892
388 836
650 51
228 27
981 707
623 563
255 802
475 738
626 572
214 77
132 208
904 265
477 772
576 641
848 166
498 995
907 799
280 106
91 592
876 492
813 829
647 977
622 779
880 358
56 296
863 103
369 999
100 529
32 785
855 643
35 594
35 71
118 85
398 627
844 743
496 381
545 710
505 385
213 944
487 49
549 54
254 260
3 174
331 525
108 811
838 92
970 940
420 461
690 479
563 791
12 55
984 704
23 783
233 884
206 325
443 149
324 325
384 293
941 127
798 408
563 565
396 692
721 669
208 488
723 443
866 42
722 1
79 396
154 629
67 460
68 915
402 603
497 863
10 878
210 444
543 386
86 747
512 510
253 378
629 719
501 800
483 493
693 162
643 917
471 276
703 985
527 303
837 899
713 653
919 657
649 405
191 282
378 511
394 632
656 859
604 545
626 41
846 610
133 157
691 607
913 425
610 533
593 321
80 284
373 681
890 261
913 314
492 41
38 101
791 316
527 227
86 369
630 873
38 500
170 692
423 682
839 226
715 464
630 237
444 42
782 838
896 945
142 417
623 808
439 353
98 421
49 751
678 390
972 959
905 746
805 769
310 353
592 298
420 481
545 400
808 857
586 176
516 444
716 575
652 11
269 597
788 791
941 99
983 936
604 419
695 20
491 730
241 643
77 285
949 921
684 555
81 235
284 520
952 784
530 816
395 353
292 767
168 805
508 93
419 756
133 846
405 553
543 759
985 591
472 566
473 355
56 821
460 47
812 276
322 8
273 724
203 791
494 378
321 192
34 743
697 413
881 392
720 10
425 162
82 795
604 692
551 415
226 974
194 487
964 796
895 520
967 111
922 195
539 364
387 139
175 104
268 702
674 665
415 569
587 88
218 525
104 564
937 57
921 732
803 771
391 4
706 358
925 520
123 664
477 897
136 111
339 992
90 619
645 108
291 837
808 185
754 685
258 134
316 496
743 315
321 558
931 693
788 130
44 211
886 257
382 224
348 944
735 548
400 420
120 975
317 651
106 238
713 94
148 399
42 886
205 746
723 21
248 115
447 701
779 423
287 889
666 255
153 416
979 876
243 792
793 240
722 54
957 829
141 784
509 950
16 112
333 104
820 590
200 291
309 463
739 662
86 787
217 672
324 652
767 696
437 427
630 270
522 67
100 427
427 141
832 497
124 49
307 595
492 429
806 111
699 569
167 199
65 901
212 988
530 585
568 390
919 729
811 432
613 996
941 813
800 847
379 537
804 783
655 745
734 584
716 499
385 851
440 655
616 167
891 127
695 883
77 568
688 739
818 558
691 260
105 823
71 30
536 535
921 783
577 189
265 519
583 899
878 581
204 524
64 135
464 865
526 481
917 940
993 286
991 383
443 829
726 760
17 128
396 287
994 160
120 781
597 773
892 839
57 577
221 17
993 504
996 905
762 311
982 816
535 160
331 846
673 957
962 920
745 536
248 32
581 162
927 298
382 111
497 711
594 815
990 17
541 606
340 615
144 839
733 152
704 386
629 741
448 704
289 844
963 638
145 800
404 107
81 162
443 455
798 351
674 345
12 592
250 967
56 544
6 114
841 585
328 660
169 656
86 831
124 486
884 472
1000 53
319 943
877 881
971 500
823 591
114 415
702 356
104 153
173 287
470 440
436 248
574 802
783 18
130 942
792 511
299 721
467 531
928 15
35 887
416 979
312 804
518 692
691 352
248 529
680 670
398 961
513 787
772 182
386 793
460 650
814 457
248 384
691 62
654 182
88 233
625 262
369 704
10 876
301 283
892 756
314 688
277 466
245 462
277 323
171 832
297 541
5 852
524 964
562 19
488 732
842 227
606 856
917 275
311 100
814 901
374 908
358 1
231 781
513 494
913 596
499 109
138 381
763 988
548 160
54 953
758 593
361 29
380 815
767 909
970 609
241 631
557 191
25 854
334 200
372 443
447 427
927 861
312 422
385 430
133 728
336 476
119 483
409 544
783 883
381 292
642 590
220 614
630 917
43 231
872 333
194 841
877 708
401 545
574 984
95 667
199 219
750 413
879 251
425 308
320 526
138 915
419 902
648 860
759 454
331 829
694 599
296 438
279 565
415 951
531 118
956 761
338 704
126 675
255 261
368 119
810 338
443 647
374 445
929 544
921 935
52 689
202 226
865 418
520 195
580 979
905 527
13 58
969 348
397 219
218 840
239 870
231 891
248 267
306 151
108 364
473 702
2 188
546 191
738 242
351 677
475 421
348 941
610 440
719 206
315 28
5 206
144 632
500 771
533 918
680 182
662 122
554 659
996 720
83 153
908 414
603 990
414 339
676 898
163 209
935 951
991 779
315 506
119 816
746 970
230 235
310 51
371 3
23 666
836 223
508 376
401 66
493 492
440 648
93 722
132 710
565 680
177 735
489 349
879 456
972 670
426 310
67 56
341 569
951 243
717 430
384 846
20 983
65 527
391 517
855 32
33 105
252 91
458 758
539 803
412 139
195 301
736 896
184 90
424 585
665 525
78 634
959 215
172 523
160 195
720 11
132 169
208 831
83 829
869 678
319 709
359 536
655 31
786 154
200 851
627 588
503 610
722 904
740 341
65 75
269 321
571 961
56 370
203 453
792 678
190 733
122 255
752 154
882 533
540 115
320 214
653 812
93 943
217 338
58 982
596 330
895 254
217 451
606 103
238 304
4 423
151 432
842 89
679 894
101 758
541 889
174 130
286 600
359 130
197 35
530 887
456 355
809 417
258 425
760 305
889 147
27 620
174 237
34 384
896 555
715 571
537 303
462 40
687 433
71 812
280 943
374 871
417 362
96 151
873 417
301 952
61 245
975 648
264 767
135 305
671 131
531 532
932 637
919 901
84 74
869 6
963 65
90 223
829 888
385 519
869 407
301 747
968 952
939 105
647 696
928 262
622 160
111 421
48 549
782 336
566 443
644 337
539 557
367 636
878 243
902 921
657 986
786 254
874 967
644 119
347 785
277 874
577 188
123 310
844 366
956 784
408 870
174 845
636 520
878 565
166 465
403 769
79 848
210 737
999 255
710 146
379 990
266 686
476 163
141 286
144 14
73 450
314 690
723 210
1 510
113 265
899 287
150 135
373 454
747 185
395 236
66 473
984 516
788 764
510 304
202 577
24 353
386 408
592 924
372 305
375 658
304 49
362 779
962 201
400 612
138 903
157 332
604 27
197 603
756 462
81 50
299 135
82 269
103 609
911 404
56 912
167 900
828 834
668 751
356 67
730 848
802 101
358 113
184 57
712 330
569 455
532 61
739 915
904 444
6 300
209 432
507 55
534 886
424 513
706 235
592 43
835 277
213 393
716 16
497 334
191 454
400 425
207 604
528 949
15 237
838 662
914 190
240 7
630 584
721 428
434 91
933 115
148 925
661 964
810 270
83 320
325 771
202 94
758 123
207 227
637 874
943 159
526 365
880 213
349 14
667 169
780 456
265 877
371 411
761 39
611 752
486 120
685 41
913 698
864 296
607 544
775 724
999 442
486 203
969 227
715 963
186 255
650 526
633 334
444 571
84 530
638 217
305 283
941 398
542 575
753 259
489 471
589 412
348 270
846 53
794 656
56 573
358 372
722 142
256 857
214 274
108 881
197 704
759 611
772 930
169 755
24 138
225 799
836 221
66 285
747 894
967 577
73 835
609 625
901 339
425 426
752 691
289 171
53 178
788 187
42 421
8 365
243 20
968 607
77 669
335 826
138 611
14 182
244 844
665 393
901 134
601 844
30 956
35 786
511 793
39 694
619 592
47 155
730 283
456 908
94 130
338 592
853 479
399 259
515 826
150 574
526 478
531 452
420 13
459 609
654 258
362 380
532 986
371 454
316 349
524 794
49 382
358 192
913 789
679 810
386 143
33 962
867 280
69 4
853 456
20 568
75 703
719 126
558 56
549 131
568 780
516 724
149 13
297 794
11 996
174 432
432 63
876 698
789 221
153 379
742 23
293 131
399 506
519 469
819 859
471 468
609 691
404 403
728 501
307 554
765 48
52 397
604 882
627 19
756 693
629 673
209 222
720 532
673 207
752 832
570 177
204 471
152 330
713 687
535 790
534 847
576 155
977 866
748 555
730 42
716 457
755 405
631 451
364 947
481 649
977 524
503 280
145 178
655 821
887 293
350 117
26 599
209 279
563 356
70 884
347 933
98 101
453 19
529 485
322 637
379 969
292 389
700 266
741 139
5 632
834 448
395 916
912 378
624 52
217 450
53 876
144 108
258 132
698 662
454 256
662 805
311 137
743 138
323 583
585 824
905 824
97 118
878 108
46 441
309 521
239 456
259 898
215 435
292 936
332 749
945 898
943 651
76 746
183 262
43 499
98 890
82 407
944 664
285 338
250 929
492 890
96 263
137 715
270 553
309 461
989 635
669 381
300 417
120 508
12 652
295 63
461 275
815 708
878 156
328 600
829 1000
171 130
781 837
929 50
507 42
881 473
610 761
573 425
360 387
856 553
263 707
734 590
237 14
899 535
234 126
911 996
994 378
192 800
464 581
28 94
856 327
269 356
218 636
40 884
63 498
688 884
601 53
866 394
967 482
437 783
666 635
994 92
49 587
514 567
956 896
630 43
387 391
248 469
486 883
602 568
786 323
499 708
987 683
643 103
438 865
535 77
887 990
871 501
586 103
554 729
762 420
102 141
656 121
819 727
70 431
222 762
280 797
447 723
689 88
491 535
276 457
59 971
283 771
106 482
823 901
684 461
243 7
537 121
431 796
512 358
589 328
684 92
833 830
940 246
79 604
141 899
381 286
685 838
561 67
907 340
395 122
933 732
807 247
39 73
774 4
419 603
808 437
399 65
792 291
244 364
208 986
829 123
778 346
372 869
348 264
214 64
100 175
690 154
178 529
514 983
436 361
649 88
691 757
717 726
21 441
274 399
188 329
578 65
429 561
247 814
307 109
426 427
847 623
667 285
744 760
139 868
356 742
911 670
680 640
114 944
649 907
908 944
356 885
31 547
205 876
576 832
593 806
65 732
425 692
465 903
726 538
508 803
783 577
644 793
752 247
358 3
966 555
335 78
173 351
391 296
502 469
839 942
849 682
117 130
465 673
690 474
374 531
486 121
749 957
309 976
959 723
339 361
267 452
997 724
29 578
653 392
630 951
491 755
244 669
251 591
44 704
950 711
2 653
38 578
498 412
190 372
376 960
859 957
522 295
462 690
798 200
447 58
358 579
786 752
641 147
950 391
368 975
133 855
81 430
725 909
526 726
242 123
264 873
618 750
414 979
364 682
365 127
699 611
459 198
251 120
747 927
95 697
420 763
757 166
49 276
673 509
730 198
325 674
695 772
75 391
791 581
994 691
248 849
564 65
527 127
30 957
199 30
401 99
420 985
5 353
852 964
9 870
196 800
244 884
802 477
76 189
965 756
291 989
658 899
922 729
984 18
177 149
514 366
842 35
804 502
132 324
192 212
121 242
73 119
383 278
19 889
903 497
463 398
822 707
664 733
383 743
538 58
978 453
500 897
227 843
254 144
849 432
611 721
558 424
524 200
121 445
766 15
110 563
475 242
572 732
258 660
941 497
615 286
747 430
710 566
694 171
203 716
189 785
517 183
979 691
29 840
357 75
286 73
380 956
627 101
662 420
43 180
650 404
709 24
927 471
419 761
210 909
820 907
252 85
596 946
543 641
33 908
420 648
385 731
742 547
502 772
284 463
433 771
506 331
714 660
626 72
539 579
811 486
170 482
556 661
393 321
694 561
143 309
915 452
251 232
494 846
249 404
212 264
838 588
344 384
631 31
959 516
212 383
730 508
252 904
33 602
647 581
972 401
648 39
597 12
636 998
325 841
127 253
367 422
923 236
173 389
579 670
49 703
602 549
714 187
307 323
770 889
678 342
330 160
498 217
776 474
923 157
597 878
434 382
362 337
514 370
607 325
460 946
304 346
169 567
460 401
346 658
382 231
956 178
760 307
797 882
816 303
84 885
512 974
662 4
846 289
205 743
600 459
374 970
968 367
144 337
607 648
276 310
81 810
724 948
232 426
983 841
291 275
552 761
768 821
242 846
150 549
462 379
634 776
284 623
983 175
342 285
860 346
816 912
342 396
768 83
733 629
592 887
776 993
12 796
345 265
199 418
842 991
954 757
996 104
321 304
388 664
621 645
289 338
199 192
494 388
155 294
217 97
806 251
706 423
433 521
532 607
4 208
188 277
269 244
666 632
938 741
62 437
283 440
640 871
515 885
420 247
640 944
813 520
407 987
766 568
692 955
142 412
22 246
114 879
874 409
340 285
892 834
205 937
539 513
710 372
716 767
187 19
841 940
909 872
804 130
733 100
2 900
49 103
729 709
569 920
931 1
523 150
889 911
877 546
729 886
34 132
400 614
419 450
862 954
884 150
663 792
984 804
271 710
929 211
916 137
228 801
546 154
485 222
542 219
935 300
846 249
703 848
688 247
655 925
986 452
91 232
366 34
794 975
656 996
588 487
345 511
740 186
726 381
213 294
577 383
570 985
905 84
134 390
707 320
935 440
985 422
119 350
859 397
109 38
754 221
536 856
973 445
186 849
763 105
319 543
839 468
577 338
937 340
844 317
780 465
334 855
474 829
868 395
283 683
786 386
515 704
576 978
135 755
174 879
71 285
553 38
511 42
60 82
867 322
188 142
358 218
714 66
719 247
499 336
814 25
71 720
310 264
701 697
249 746
175 726
659 969
366 531
689 226
376 227
95 288
784 314
371 40
234 272
107 546
695 189
936 532
63 823
324 378
950 590
327 898
242 918
29 788
655 576
512 498
594 902
34 721
479 980
798 88
346 815
769 374
746 77
388 804
741 146
209 257
542 93
764 213
268 850
86 969
972 938
424 592
886 544
394 612
381 756
655 4
514 952
186 885
703 264
94 241
234 432
341 440
454 233
37 95
549 409
540 106
498 741
562 750
155 12
230 576
526 45
877 295
278 202
946 224
654 145
867 837
969 321
662 684
404 660
170 978
284 163
272 14
606 25
978 672
904 579
213 705
609 132
420 493
667 804
559 370
27 645
746 791
196 372
59 20
225 268
119 744
362 943
126 92
970 686
357 179
28 920
768 699
61 975
720 676
771 544
617 828
202 903
965 506
56 620
309 326
519 471
34 663
86 664
968 161
695 310
368 925
632 270
581 699
823 658
609 546
169 749
423 32
217 761
99 174
868 952
760 545
422 491
5 17
668 503
337 705
691 526
303 348
823 972
144 699
752 544
557 987
777 89
597 440
972 172
866 427
612 155
83 943
709 815
791 578
568 33
31 664
491 306
293 876
158 16
338 675
504 583
961 213
397 26
1 785
787 878
682 376
207 391
834 431
800 227
643 367
972 636
863 200
463 222
912 380
749 721
553 126
520 881
468 311
452 732
309 885
796 565
908 95
50 179
789 428
183 973
987 34
483 911
50 770
179 602
236 601
257 228
497 735
978 422
392 861
283 904
355 499
383 619
385 88
666 251
84 19
867 854
751 476
423 273
278 636
951 417
638 102
231 564
785 872
327 949
332 973
152 27
299 156
197 757
26 171
630 929
883 789
51 700
931 416
707 73
194 435
532 36
772 523
759 357
246 600
321 311
178 664
485 492
648 904
557 584
27 453
204 753
377 520
285 773
696 916
74 552
523 585
174 519
990 129
215 565
933 890
950 904
554 97
95 3
575 309
423 520
562 596
999 745
48 774
765 903
87 767
958 278
502 178
583 127
933 92
904 942
246 183
528 618
231 289
977 215
951 616
199 775
774 995
22 772
813 519
351 984
192 127
836 696
781 233
470 83
865 344
644 236
159 142
795 693
912 247
89 538
145 728
404 563
850 415
870 858
358 142
201 193
475 494
779 758
170 119
413 556
970 663
572 935
426 29
334 470
580 490
121 395
159 233
825 517
3 629
576 337
137 523
642 836
182 53
440 724
883 168
573 700
668 964
704 565
300 448
85 822
750 568
589 326
555 442
911 813
246 875
963 145
251 643
417 85
695 382
755 19
538 567
759 555
686 615
555 104
398 367
627 461
259 935
423 232
445 912
907 679
103 832
734 782
254 756
368 643
864 536
243 581
579 255
411 657
307 800
786 846
53 381
844 88
507 306
209 599
691 356
285 523
402 361
60 269
675 492
877 322
291 547
553 404
574 354
387 84
528 598
265 944
639 344
931 531
92 525
678 268
645 477
338 397
945 435
321 633
505 388
692 920
988 503
398 743
809 220
45 786
286 516
69 156
177 457
539 531
45 931
174 185
712 608
749 955
419 50
681 683
828 334
559 718
215 388
435 828
67 661
547 159
803 105
91 267
663 749
668 953
617 839
779 496
85 857
671 38
949 896
71 902
718 199
577 773
7 158
46 576
987 226
328 805
587 482
798 272
846 171
578 989
550 234
745 52
138 42
525 942
506 992
401 660
860 950
43 219
820 402
541 306
637 239
532 109
788 215
260 360
800 685
990 624
111 361
152 489
246 640
7 610
702 716
938 102
276 513
973 652
7 755
51 259
913 428
52 1000
678 876
284 139
14 36
236 140
109 154
660 606
365 304
338 700
725 432
818 754
286 932
378 77
292 448
662 579
293 36
331 369
243 925
530 91
709 620
302 338
924 301
643 370
493 541
944 819
118 906
672 258
840 868
179 818
349 254
313 952
743 274
746 626
306 147
753 634
718 756
544 736
295 797
225 33
723 798
603 820
250 468
947 422
922 104
839 153
662 126
774 612
477 380
291 625
465 284
197 877
568 783
989 193
618 253
289 671
571 33
241 646
556 315
444 841
474 78
920 150
527 993
488 248
831 892
343 42
471 465
21 290
205 5
320 977
854 658
733 623
350 685
613 233
81 392
9 379
372 697
636 350
894 514
166 571
958 831
502 747
854 380
470 117
916 279
147 166
977 871
635 783
169 799
460 266
134 591
377 732
998 782
235 522
414 751
19 253
937 258
210 267
795 876
152 922
839 44
622 708
936 341
518 515
299 827
49 556
502 198
909 446
178 136
491 83
149 618
184 779
328 451
104 738
473 447
817 664
598 654
358 227
876 356
755 589
277 135
758 832
525 417
567 874
474 599
366 601
478 683
643 880
245 676
693 688
710 886
201 262
577 931
854 877
893 969
289 699
298 363
127 529
295 325
580 149
674 334
167 783
977 391
426 391
656 852
964 155
768 934
848 372
332 861
719 659
51 703
806 573
424 779
495 352
142 661
915 151
419 868
960 892
996 106
246 601
449 505
947 614
927 708
803 970
588 332
425 368
607 634
856 556
29 366
180 238
169 891
449 27
216 314
587 285
34 631
860 783
633 155
627 556
540 909
941 50
292 864
449 180
434 288
860 958
773 785
645 343
403 916
925 999
250 187
13 237
144 868
531 400
739 277
316 34
580 791
102 471
284 170
454 464
757 217
504 177
516 506
420 471
559 324
358 143
287 129
235 336
257 854
314 801
926 616
486 35
490 531
291 467
818 568
991 830
387 580
392 890
465 356
659 796
896 442
182 155
789 161
367 405
847 159
372 317
915 728
35 394
619 268
896 216
290 107
148 125
82 265
635 50
67 266
940 128
815 884
298 570
584 426
177 628
363 861
824 409
94 735
152 278
946 852
391 585
547 655
622 209
289 131
971 491
788 163
699 600
521 296
337 767
375 67
88 515
214 71
274 232
609 843
77 757
190 44
428 865
513 525
437 733
739 885
370 383
763 107
213 6
382 647
769 980
735 129
38 115
333 941
356 530
682 430
942 660
100 543
374 670
985 247
93 498
238 645
41 79
117 508
889 275
839 133
472 333
80 882
283 311
691 178
272 36
832 108
197 367
103 31
250 433
583 273
473 726
206 476
994 30
157 744
358 171
823 343
844 850
993 136
651 462
125 261
418 871
245 830
846 226
334 51
427 767
926 727
672 786
508 482
76 734
334 162
962 667
111 126
675 34
768 832
811 930
280 26
487 977
860 365
682 669
461 347
517 604
439 530
498 490
194 979
546 188
696 529
751 245
185 12
884 394
333 444
464 53
502 541
730 804
973 236
521 507
907 706
782 498
803 565
886 550
502 831
511 231
820 208
893 422
399 37
848 443
961 270
155 371
506 421
948 60
971 245
810 546
846 663
762 722
728 478
967 129
515 512
147 644
424 287
572 150
316 789
173 764
619 596
196 803
967 22
606 338
753 910
780 462
630 372
596 460
249 223
784 702
913 94
456 543
610 224
592 411
889 303
62 627
226 360
227 513
66 641
527 572
583 604
749 636
733 279
515 988
878 864
684 957
576 222
280 523
260 737
323 623
412 804
608 751
257 877
576 77
42 437
286 496
699 393
183 24
511 447
24 703
872 835
178 366
525 269
283 942
823 40
370 400
776 893
393 165
124 871
453 387
954 152
538 987
962 767
379 531
785 642
542 451
167 874
296 765
923 796
747 233
826 193
591 451
462 142
209 65
873 234
622 431
882 360
332 137
893 360
878 132
478 750
63 408
890 384
217 872
327 279
42 33
781 686
34 737
878 486
695 756
683 148
460 267
388 56
502 906
143 310
436 300
166 125
540 938
527 92
145 182
667 679
670 588
729 16
782 10
291 621
4 142
725 196
943 554
782 949
434 31
456 45
787 993
58 979
840 641
344 848
550 256
623 842
516 368
421 756
558 783
316 398
781 84
49 143
948 763
571 384
495 600
296 866
889 37
339 196
603 787
680 8
419 124
476 123
594 946
921 226
7 285
211 510
547 376
336 728
137 518
625 700
123 423
741 562
98 532
604 494
332 570
396 593
888 73
906 680
859 728
200 75
254 770
573 489
55 460
387 777
281 270
907 78
216 929
486 497
890 354
452 289
110 445
402 522
59 641
300 365
266 45
825 826
169 702
901 757
603 509
307 552
846 466
219 500
312 210
955 568
280 368
637 150
937 562
665 579
613 925
66 496
2 654
198 733
513 695
114 452
243 536
416 94
551 40
165 381
88 98
395 493
373 762
672 143
706 304
783 181
566 559
91 589
955 996
410 667
191 574
965 517
201 570
650 271
574 245
262 57
179 79
970 334
808 381
292 342
352 553
319 184
44 823
268 303
490 747
731 827
934 892
205 836
4 497
443 819
335 449
227 712
429 892
984 461
589 990
230 520
61 337
268 13
784 644
787 731
257 804
224 305
523 65
383 801
197 2
549 381
866 723
225 217
462 158
634 375
746 877
585 169
385 9
101 503
712 804
470 532
306 525
115 167
229 403
603 650
768 869
37 796
846 34
758 766
11 177
105 46
876 781
876 998
536 415
20 48
848 337
774 105
158 210
431 638
626 858
848 480
575 151
869 438
146 650
671 384
302 25
68 747
125 902
518 509
759 331
794 893
906 275
673 100
912 988
109 402
807 977
479 32
687 527
981 814
213 404
154 687
454 998
130 936
114 379
963 636
468 838
895 633
456 774
165 757
557 844
467 390
920 386
640 568
398 721
188 308
32 583
209 887
361 792
105 934
970 354
202 200
40 227
889 274
118 940
28 348
696 494
398 634
97 871
904 731
693 211
197 452
219 757
733 306
415 427
918 492
761 185
889 108
926 939
287 215
435 608
535 109
652 788
559 347
339 252
361 340
93 949
44 351
317 717
267 504
659 970
589 693
456 15
737 130
920 414
295 558
261 746
962 873
870 166
803 107
201 477
662 178
258 652
558 259
444 679
729 855
604 69
896 310
149 214
577 795
927 662
87 388
162 67
592 532
66 26
501 952
172 872
301 524
649 451
747 231
20 212
403 196
371 760
33 71
56 800
185 124
919 825
708 872
750 423
832 770
60 751
764 71
503 237
985 278
894 966
424 738
282 704
781 538
92 109
588 228
277 971
816 348
136 5
883 394
265 359
708 669
566 535
492 32
166 161
667 332
632 911
891 938
639 536
216 98
951 908
240 323
369 900
815 173
502 248
251 440
458 114
633 832
657 80
865 277
258 189
184 320
723 947
887 636
661 690
726 570
635 74
380 174
514 362
974 608
978 671
642 454
950 42
921 261
947 473
716 823
67 738
304 144
68 329
642 232
258 737
775 836
941 92
281 379
312 831
432 52
175 868
716 860
951 135
808 224
298 581
618 10
646 834
685 1000
926 299
690 574
431 976
146 544
453 676
368 912
812 493
279 1000
599 983
267 928
513 904
596 636
200 413
534 614
479 821
447 171
603 1
694 888
273 572
401 519
796 80
326 416
759 773
213 362
711 543
930 322
668 498
389 255
731 274
159 773
697 422
644 379
51 739
459 119
464 719
228 312
929 779
494 607
78 981
5 304
28 119
372 392
1 997
74 277
847 946
832 489
74 356
147 528
740 689
209 959
105 337
142 277
994 36
297 300
690 558
867 415
406 9
67 787
943 850
175 452
830 736
836 613
432 355
31 773
903 198
589 795
160 705
760 311
135 875
747 211
422 797
701 766
315 431
716 591
525 933
654 684
241 727
97 363
188 518
500 784
858 622
161 776
408 25
258 895
195 179
875 597
586 512
863 768
780 928
16 503
640 243
765 527
688 207
542 254
732 280
482 546
414 924
398 257
843 596
963 5
1000 111
303 396
548 777
551 90
276 596
557 581
282 649
959 241
319 662
569 143
806 364
865 800
517 215
593 369
969 962
613 34
588 512
825 358
84 499
730 301
570 658
437 921
229 809
481 814
456 969
847 519
559 243
136 315
778 402
670 824
683 703
636 629
343 981
182 605
917 550
311 379
956 12
369 686
568 636
589 942
828 457
131 798
871 496
983 666
602 807
420 288
222 620
347 489
651 420
177 93
984 667
804 142
73 412
898 215
849 611
709 247
15 954
827 84
6 843
64 632
653 496
990 488
875 672
513 165
172 246
270 671
806 893
738 875
246 878
281 410
102 706
33 457
696 631
234 474
91 127
275 372
520 260
422 709
370 10
868 797
389 388
63 253
394 362
983 60
493 208
773 302
479 781
318 389
988 517
919 645
976 69
236 598
753 309
44 324
592 117
869 273
651 556
247 7
696 947
90 334
331 104
151 989
579 798
28 8
545 146
123 394
485 751
749 82
271 420
476 730
402 213
561 393
669 817
708 713
303 119
969 591
456 918
200 992
518 574
632 995
9 734
304 730
191 674
505 175
14 361
554 866
296 142
830 975
101 965
959 681
235 899
37 153
520 189
739 307
980 466
233 179
995 746
525 5
582 62
123 935
112 436
926 571
268 129
145 586
898 8
645 781
743 94
945 227
193 838
358 56
840 263
159 57
976 613
348 230
978 109
546 617
175 835
215 374
931 33
550 789
664 996
684 287
353 521
262 205
137 565
251 578
712 976
401 879
186 475
542 788
238 303
177 308
225 672
357 419
251 672
497 800
891 496
953 443
858 235
489 644
471 300
39 104
812 296
673 150
450 105
863 655
51 407
68 607
198 538
695 658
383 199
367 589
118 461
190 974
375 470
378 374
752 407
5 475
839 436
786 192
199 21
511 912
131 269
259 320
886 881
777 259
83 516
999 562
506 133
22 993
406 256
83 757
321 824
729 171
640 948
92 637
454 124
718 985
535 317
210 596
429 818
784 719
286 690
353 248
926 885
698 764
400 87
808 84
371 460
239 110
37 415
336 996
723 144
836 407
123 816
509 215
244 100
83 158
875 842
895 263
310 411
794 476
667 582
262 286
135 36
447 278
908 356
432 53
98 481
180 947
966 566
148 209
756 110
902 334
944 889
372 375
512 692
361 226
966 577
366 781
385 274
149 233
650 270
879 465
115 444
337 906
580 82
543 366
582 640
472 655
526 695
805 252
600 991
506 626
656 913
903 708
577 805
529 60
973 142
117 860
323 141
261 18
545 399
910 641
12 964
531 844
380 270
554 343
128 365
592 61
277 660
748 944
825 329
421 190
904 88
397 389
970 473
881 226
899 991
147 674
496 64
578 130
852 997
565 440
288 348
531 264
843 42
122 529
943 127
729 135
731 977
221 355
645 385
445 379
50 77
583 181
841 430
630 836
218 823
610 117
900 721
391 478
467 12
641 967
605 270
988 442
221 5
465 595
312 707
408 461
837 92
729 579
89 988
656 418
67 538
380 648
576 329
426 608
478 825
814 823
449 769
49 207
606 565
25 870
478 968
357 25
485 84
231 560
676 643
915 589
916 242
662 490
691 522
480 700
484 156
128 24
185 217
955 461
423 115
217 680
792 94
385 536
258 774
53 313
284 266
581 556
506 662
214 207
950 569
289 228
354 367
366 506
726 362
639 927
712 420
786 983
877 163
756 949
49 6
851 987
854 14
740 453
188 906
368 377
94 400
195 556
731 750
262 543
725 388
13 776
914 85
130 740
520 420
691 957
464 970
50 271
640 973
170 628
282 842
411 354
602 463
610 166
98 498
619 828
847 292
459 559
631 653
466 257
728 980
469 762
932 230
1 396
218 954
391 339
166 156
456 390
954 397
662 74
719 143
650 898
45 972
267 478
340 760
567 843
804 143
76 806
665 199
797 962
580 470
379 767
769 161
383 523
314 14
225 441
780 871
309 265
241 579
790 684
741 310
615 349
675 152
287 710
589 322
55 682
422 619
829 394
64 775
376 537
879 9
993 670
579 453
851 552
357 287
507 494
615 275
640 564
845 58
117 867
682 873
848 113
665 605
565 432
281 804
981 699
553 988
551 121
644 429
752 153
423 970
464 761
962 24
985 425
831 509
364 866
346 757
5 486
173 772
907 790
506 511
387 186
460 476
208 653
942 552
249 343
753 999
518 575
647 857
672 395
212 444
819 204
554 867
523 932
691 6
527 948
663 180
485 232
339 928
627 821
641 926
628 538
311 350
876 844
371 499
758 237
678 482
267 365
288 832
275 870
28 770
417 457
746 990
68 230
894 46
642 181
776 979
194 524
949 908
732 12
996 294
96 342
271 801
509 886
38 756
426 346
688 57
914 426
788 108
719 596
579 417
817 500
502 540
946 887
56 889
447 181
177 998
588 256
91 888
517 780
25 607
403 420
562 807
480 817
355 959
854 455
158 478
354 381
373 527
890 411
123 56
356 913
750 135
808 650
422 162
796 507
969 921
553 730
94 250
579 906
140 454
415 588
300 764
330 308
624 944
535 316
458 112
97 784
919 221
796 776
890 95
692 969
522 32
491 248
442 460
652 335
746 638
554 561
515 707
897 528
917 605
832 75
990 6
770 177
500 33
893 735
819 740
288 876
115 835
193 801
253 209
970 683
112 703
224 985
150 305
582 340
253 66
1 7
384 137
242 725
812 201
44 99
63 961
57 280
405 862
561 216
52 283
217 546
971 761
664 159
93 603
295 131
135 346
449 759
92 464
767 655
879 65
169 720
719 552
315 958
318 499
104 59
266 278
360 69
656 914
329 922
950 276
612 467
260 328
280 390
33 210
20 456
494 259
655 216
890 588
941 960
670 262
393 250
213 473
255 626
751 857
1000 275
710 58
201 341
554 118
203 108
39 706
273 126
483 783
579 614
636 909
412 327
714 963
916 855
98 124
249 248
257 563
683 597
320 93
843 962
987 983
117 211
196 710
958 401
604 1000
120 984
547 381
125 345
145 529
898 241
901 830
866 701
63 519
889 772
533 803
59 932
462 419
120 182
525 703
589 460
42 913
828 674
660 265
475 69
917 166
115 490
64 828
546 368
216 851
270 560
223 875
508 329
938 486
556 57
498 49
850 794
856 867
211 940
216 706
693 368
396 810
419 667
169 716
99 655
66 348
105 482
87 182
894 546
792 206
388 249
584 656
285 714
670 354
213 509
565 72
750 204
971 289
677 216
386 633
204 208
665 866
596 690
902 913
463 581
928 252
857 138
940 59
365 355
921 869
259 266
32 144
38 474
207 497
321 827
356 713
748 187
506 186
783 340
142 324
937 28
478 188
616 477
88 22
204 660
745 852
951 932
835 778
269 976
341 621
477 109
524 842
338 309
545 673
250 409
568 638
145 723
992 858
40 439
874 723
524 985
118 656
727 802
720 948
735 515
23 903
581 169
158 762
294 413
770 488
141 956
372 138
543 237
604 461
822 316
898 324
33 482
816 197
184 567
197 946
570 316
880 764
350 356
615 348
926 409
772 807
384 992
167 815
349 904
498 450
622 321
62 568
289 933
487 830
826 132
935 298
759 550
228 190
