1000 9914
232 57
105 333
492 635
418 370
384 782
862 510
43 3
815 737
466 646
51 524
323 275
534 927
26 978
8 377
671 475
802 351
660 865
704 866
886 585
726 230
513 809
131 386
811 292
687 761
1000 363
178 923
473 237
40 968
443 517
939 504
961 64
563 308
91 731
832 467
450 630
17 57
120 596
18 677
624 212
370 932
648 372
904 734
230 696
891 606
800 523
641 925
675 643
22 148
46 30
379 975
473 730
2 64
75 570
847 424
443 62
995 637
373 305
710 412
417 607
36 167
940 653
561 320
905 982
249 748
569 845
913 579
22 353
707 571
638 193
286 186
272 733
38 880
337 130
409 781
767 948
56 598
642 805
719 817
794 664
172 212
124 317
65 649
51 842
379 361
931 494
627 63
275 402
811 836
678 783
854 762
146 500
234 591
308 202
596 933
51 616
94 590
754 576
223 366
830 450
778 377
372 832
124 225
626 95
185 355
167 279
454 191
907 932
380 458
554 403
948 974
422 163
691 375
687 669
748 989
985 53
571 956
200 911
790 670
442 888
117 698
389 971
856 262
584 789
930 737
604 675
758 445
466 200
421 842
230 634
383 733
696 286
181 677
238 677
79 867
575 558
874 569
231 356
527 907
4 436
870 517
448 214
14 613
880 233
95 498
330 262
775 530
335 43
391 261
193 518
127 949
419 68
538 146
480 86
106 240
585 343
538 5
121 469
361 454
470 736
731 544
862 602
594 236
923 754
582 341
226 911
805 762
721 759
885 396
872 613
637 315
732 17
28 185
974 222
958 631
280 122
814 763
255 266
802 195
986 356
15 658
863 958
58 179
974 509
815 23
779 241
983 113
363 904
389 562
823 744
259 853
96 593
613 20
551 597
924 577
375 225
324 545
273 561
590 901
171 158
797 126
930 321
385 732
61 675
782 381
165 325
55 849
332 506
406 593
958 2
905 150
754 287
627 599
646 431
887 25
619 679
290 821
882 699
991 111
867 85
65 499
173 512
909 296
86 427
35 721
697 758
330 969
147 533
429 918
922 661
852 854
728 220
123 658
288 461
17 1
625 372
308 512
862 107
511 27
870 598
445 377
417 948
568 756
18 749
317 959
32 561
785 149
311 129
921 373
478 626
357 579
620 207
55 156
476 119
762 392
693 778
289 604
248 125
211 371
323 877
840 321
892 569
131 123
7 63
345 854
876 662
932 640
236 885
637 479
730 547
68 78
694 142
719 745
820 592
696 606
894 321
287 637
996 218
612 658
3 842
189 703
405 994
959 399
800 524
263 388
896 889
586 737
826 336
310 929
339 931
890 655
414 321
104 24
983 394
751 926
219 377
384 722
61 598
557 561
798 805
623 208
57 247
78 607
742 710
675 544
627 642
296 488
424 701
103 827
636 204
30 621
281 673
986 815
234 968
787 178
347 763
649 181
27 249
576 606
777 345
248 767
464 972
677 240
455 262
350 488
83 687
545 582
140 286
801 572
514 527
127 158
847 689
351 966
814 298
671 615
321 663
934 963
701 972
539 17
174 116
836 565
733 347
861 134
2 125
809 379
573 242
157 799
434 752
328 371
938 238
241 918
776 731
143 17
173 21
345 912
896 512
73 385
112 617
187 153
907 128
90 580
881 855
54 939
201 293
384 195
441 278
120 211
980 569
604 125
253 9
37 792
962 959
300 446
928 895
376 940
414 178
55 676
449 525
531 571
327 548
147 322
209 141
568 196
803 655
489 925
904 470
150 826
122 521
232 73
261 838
859 228
788 168
403 394
873 960
610 313
380 304
436 194
973 293
811 406
762 584
544 267
284 14
583 682
360 956
167 451
318 978
562 995
194 319
669 986
730 157
967 152
398 173
644 205
848 800
170 308
8 39
527 144
913 228
472 52
796 393
544 88
598 271
691 411
855 660
342 585
717 659
867 250
631 845
635 374
995 241
217 401
383 4
131 65
278 144
634 66
882 815
602 996
642 335
680 934
115 250
477 112
886 468
103 26
452 786
969 392
715 668
454 320
903 389
338 169
709 438
395 178
549 285
862 75
789 494
684 756
187 52
68 337
589 689
366 538
576 260
103 329
127 583
439 843
243 122
443 396
727 404
285 353
642 802
592 633
766 64
634 984
603 283
785 711
154 747
600 855
12 765
879 47
113 644
39 148
161 14
604 790
570 162
792 152
389 118
411 706
394 100
604 901
492 495
95 786
321 241
782 358
711 452
252 303
458 442
833 350
251 225
476 778
97 731
904 191
136 9
744 830
561 179
717 597
900 75
914 222
655 291
839 70
911 853
491 476
972 357
459 826
173 520
273 178
882 630
442 603
867 278
672 280
182 617
532 892
822 865
738 136
983 750
31 813
268 209
931 787
845 713
511 469
442 300
334 374
779 679
541 796
747 235
325 401
552 491
594 858
315 391
774 146
120 45
785 603
861 400
37 238
746 48
401 959
846 495
922 391
816 142
465 48
449 939
802 849
110 426
38 647
789 85
183 426
293 905
774 267
405 860
941 378
865 280
845 158
405 973
889 682
46 977
659 422
327 748
589 153
946 19
893 165
321 435
753 400
113 817
114 74
206 522
768 365
146 337
366 332
298 20
872 177
856 598
782 322
471 531
846 869
26 698
835 468
873 553
43 8
90 261
937 260
77 521
479 501
540 41
907 848
752 261
623 514
407 233
406 875
201 658
574 173
978 970
904 953
634 152
317 220
890 14
856 402
13 195
107 232
326 10
849 959
900 333
44 735
26 382
49 324
448 132
47 420
206 81
469 626
202 415
230 321
156 636
112 352
793 641
357 578
20 630
30 348
710 985
442 179
667 950
390 307
249 683
839 652
433 83
389 152
141 692
642 891
862 966
262 136
927 142
244 206
536 281
828 961
635 741
462 323
944 206
381 369
418 253
600 783
858 319
993 736
355 795
969 833
910 753
310 593
385 654
740 142
385 865
649 957
233 580
85 152
289 636
907 926
30 707
830 106
557 722
639 766
514 891
472 170
329 615
900 124
665 785
156 924
428 921
657 865
804 528
252 565
152 875
249 297
854 104
622 746
771 374
973 836
960 429
463 778
66 544
766 977
198 45
970 218
500 269
167 484
122 507
784 778
201 1000
53 855
239 672
519 946
683 704
761 160
137 971
597 778
692 562
400 914
61 477
390 765
248 188
11 744
304 382
267 322
340 660
879 993
550 515
419 31
537 352
865 51
3 348
611 563
685 360
172 823
118 513
358 16
215 505
16 209
757 374
318 994
724 865
304 92
234 149
695 946
571 254
443 355
724 976
546 432
641 492
242 795
775 25
564 796
505 783
489 370
197 577
932 564
858 589
702 678
370 183
63 872
279 959
161 240
180 660
810 149
592 700
459 503
573 919
333 402
856 833
360 112
927 896
441 977
247 509
375 168
600 922
436 92
199 271
476 944
458 391
886 591
482 257
523 618
360 972
288 185
92 887
857 845
386 714
28 187
714 950
696 149
199 962
661 857
496 395
874 662
596 438
977 732
230 604
601 24
240 896
187 651
739 422
406 491
796 807
377 105
732 677
342 697
127 189
681 97
353 208
838 57
514 387
575 515
644 740
192 193
880 862
753 544
492 644
121 334
620 784
883 510
39 298
841 493
234 102
179 667
127 753
956 481
672 263
409 866
510 346
383 552
223 775
24 423
581 941
56 600
842 603
926 507
975 586
727 245
881 557
755 244
774 78
668 709
217 741
824 443
181 66
111 257
630 787
479 877
355 851
587 620
623 154
860 568
57 189
151 543
977 892
834 927
981 860
801 206
159 812
664 322
627 471
812 586
173 980
778 758
384 771
621 470
324 892
559 887
277 982
441 568
138 885
28 104
820 508
207 145
596 603
338 695
781 503
657 809
530 57
917 791
387 40
781 328
912 505
144 787
550 399
477 945
862 370
409 401
213 970
362 170
900 619
873 798
690 149
818 94
66 667
468 550
43 944
130 124
339 46
512 844
439 27
496 627
244 241
374 568
837 100
326 858
876 398
185 517
537 344
346 749
137 874
654 725
110 585
115 245
347 419
278 761
617 667
874 10
626 731
450 911
405 234
661 488
409 751
525 745
513 225
417 308
664 883
45 324
885 164
432 791
362 728
110 282
590 96
568 329
561 310
941 650
559 815
229 136
836 480
360 57
616 213
725 936
873 893
53 107
498 119
504 770
293 366
822 572
643 778
40 725
954 585
39 409
868 55
852 668
216 438
435 725
697 425
863 380
976 400
902 936
584 597
494 608
761 591
208 697
786 32
455 399
203 510
174 717
670 694
194 680
581 76
212 503
487 143
644 932
294 757
409 365
374 263
306 223
127 117
476 339
224 444
351 637
814 383
62 736
504 156
726 603
782 729
235 220
327 30
400 951
426 526
511 379
171 884
351 642
447 963
615 134
362 233
679 539
828 414
281 69
524 903
12 243
250 610
822 676
71 656
177 500
607 610
404 773
701 761
249 682
214 660
778 534
641 278
325 261
145 935
936 950
539 437
421 818
466 852
499 880
196 118
290 239
805 668
831 412
372 343
634 942
836 38
486 491
489 405
346 310
254 919
149 265
302 461
599 769
342 298
642 922
57 426
205 34
685 856
377 837
565 770
626 816
864 901
539 875
167 106
479 788
116 626
483 337
467 948
296 295
174 107
350 515
920 774
647 685
216 483
324 918
682 768
648 944
521 134
423 802
731 373
665 871
999 656
359 561
51 320
36 532
311 690
631 69
672 244
99 948
566 720
398 838
146 231
496 96
407 12
126 742
435 255
991 469
903 876
77 931
435 364
532 838
383 98
24 769
222 164
114 789
558 962
597 920
505 496
359 501
89 753
680 972
183 779
365 676
640 900
478 477
439 535
925 770
675 755
359 74
785 375
336 476
572 89
899 507
480 161
865 459
118 663
483 415
286 419
461 647
410 327
68 383
654 738
144 295
789 313
990 23
963 490
176 904
968 436
736 176
662 168
504 797
725 24
456 635
49 239
140 642
215 222
607 868
205 484
285 268
983 213
395 340
272 665
718 98
314 364
885 755
246 867
82 256
452 329
108 768
713 418
272 808
721 991
462 719
820 933
233 773
787 276
327 695
937 647
384 548
152 285
232 75
379 172
217 825
181 953
555 225
574 863
223 375
338 348
695 645
612 101
830 436
63 303
265 508
963 725
838 995
380 417
535 961
459 50
385 907
351 96
725 307
752 511
629 457
990 841
369 769
776 95
473 361
622 788
92 999
273 59
844 310
939 955
403 584
63 256
705 88
338 611
744 738
238 652
134 955
396 150
880 113
538 411
888 604
448 205
568 686
733 268
511 162
425 563
847 790
35 268
550 733
516 453
352 408
940 761
102 212
28 751
693 991
305 54
527 711
469 779
533 902
236 522
103 250
475 371
408 184
581 27
874 23
505 968
465 814
534 387
461 909
633 452
10 295
319 128
211 523
802 186
642 979
440 359
112 964
262 992
690 999
61 734
358 633
385 555
796 49
480 983
688 140
138 165
176 496
397 984
204 422
186 681
26 898
445 972
897 771
998 853
365 117
517 776
259 536
9 33
433 797
394 621
267 745
750 218
669 974
552 445
560 963
472 244
53 345
200 803
424 375
649 98
688 712
798 541
770 726
155 406
765 839
806 189
990 948
408 826
135 697
1000 616
658 146
630 254
903 692
995 815
500 471
743 437
590 684
316 937
680 316
970 19
245 5
514 883
966 111
990 353
813 728
575 777
335 52
361 681
72 980
126 363
453 217
534 210
558 445
758 892
219 948
715 523
169 246
600 505
504 462
324 217
362 916
54 998
475 351
112 691
43 733
295 456
390 484
733 212
145 843
864 45
721 756
561 67
582 475
82 313
266 48
694 80
16 599
368 918
419 530
81 119
779 242
712 175
56 288
369 316
186 730
722 504
997 178
85 456
603 7
970 269
723 680
911 247
270 229
80 614
786 378
539 684
289 171
377 635
639 887
783 371
930 463
293 285
208 811
338 886
545 236
378 151
694 527
329 585
682 79
648 243
229 732
506 51
14 8
951 889
697 650
311 734
863 29
106 652
899 851
832 286
830 825
923 73
374 405
507 564
58 986
957 426
979 334
227 725
636 623
141 157
308 946
177 704
245 25
141 238
54 561
507 89
914 273
874 314
325 482
115 946
757 495
10 522
552 457
182 260
149 362
68 171
664 946
676 825
271 583
580 66
664 801
3 657
812 169
593 809
203 738
864 184
646 800
685 966
865 275
582 598
452 447
973 75
522 229
230 650
320 821
472 624
769 260
510 732
542 115
601 725
546 110
643 984
860 626
54 441
536 168
630 856
631 433
974 382
726 367
484 846
706 155
262 613
467 661
285 796
894 768
808 695
751 889
219 666
246 371
639 760
714 513
164 546
94 295
97 513
494 637
756 848
260 221
632 862
764 363
683 389
995 905
231 459
820 292
235 780
957 93
615 545
27 24
49 420
771 393
467 190
965 835
178 55
53 960
4 724
973 932
478 450
649 630
892 852
841 222
847 464
741 893
761 23
979 72
840 386
549 358
483 978
447 631
767 190
640 45
992 188
276 365
847 246
228 614
595 702
244 456
230 175
837 349
395 454
72 786
72 89
988 991
970 638
958 993
267 768
414 177
115 458
354 814
850 875
292 799
7 194
610 270
472 733
915 989
219 440
203 543
993 657
167 375
87 225
893 738
589 95
561 966
564 419
389 201
855 252
403 399
703 56
986 236
255 929
961 314
797 212
180 202
878 417
172 676
130 931
256 557
564 112
731 705
833 309
994 277
648 822
688 700
304 833
969 818
320 480
235 859
678 91
436 402
75 242
4 912
994 388
723 702
246 121
52 587
588 812
23 526
539 208
814 474
890 68
374 477
965 662
120 109
415 373
515 859
792 553
481 25
409 292
451 673
876 134
89 716
255 219
662 777
19 761
314 747
245 465
857 727
235 167
221 72
922 29
482 532
658 627
823 175
936 849
610 280
774 625
477 367
335 881
706 871
505 606
325 331
864 403
367 320
495 214
581 26
72 230
831 424
730 631
413 809
73 668
989 406
149 223
150 520
172 208
524 317
360 432
853 828
83 295
884 355
686 537
376 570
966 889
381 311
593 247
132 501
404 370
290 361
533 283
450 548
229 884
234 730
146 360
882 94
539 707
427 337
265 398
468 643
638 611
450 491
90 445
769 622
366 294
196 581
647 517
541 2
337 620
48 921
809 730
463 569
155 504
393 419
929 417
240 192
256 869
481 746
891 931
620 291
126 684
628 822
157 102
217 285
209 852
11 195
565 479
515 806
535 315
26 281
692 5
468 182
342 731
843 354
723 952
26 136
852 28
642 302
794 573
700 88
738 135
560 747
562 89
391 257
512 846
359 141
197 50
71 537
24 536
277 362
317 633
339 161
966 270
259 267
880 971
93 914
76 875
771 925
685 63
600 617
376 585
401 956
929 309
989 329
793 230
137 586
769 29
698 173
475 124
866 37
249 122
300 385
104 770
376 999
159 462
972 659
537 154
591 459
719 646
759 629
100 470
232 230
803 763
452 491
401 623
318 500
928 408
711 647
569 410
486 786
223 313
154 450
651 652
252 479
513 675
89 708
313 325
618 600
489 900
441 745
651 618
907 964
911 916
181 759
311 680
600 19
921 908
739 181
740 346
282 606
10 783
181 81
412 301
587 505
588 918
900 42
353 451
960 725
726 780
365 412
701 824
956 769
478 197
524 637
339 769
387 344
199 789
2 371
519 826
960 499
500 308
19 827
250 94
350 274
466 279
705 562
69 202
16 458
219 757
92 381
537 536
188 840
923 263
174 143
340 371
362 215
771 872
794 395
228 579
817 26
724 153
709 28
965 162
803 91
514 26
294 163
228 978
634 573
449 795
107 599
570 293
755 995
370 319
797 866
211 597
897 172
794 732
283 671
232 179
307 643
739 644
650 447
492 524
440 399
483 339
247 282
737 773
124 71
369 424
65 919
573 32
934 345
494 490
623 333
790 868
919 604
223 51
687 736
624 640
597 362
381 803
575 319
557 864
449 131
838 679
914 79
437 994
611 491
337 891
31 674
515 721
623 656
934 229
717 747
919 147
643 575
411 376
249 694
491 54
883 856
847 701
674 977
942 355
502 426
286 647
253 592
491 199
64 435
602 959
107 503
476 160
495 900
639 29
594 910
206 376
617 567
410 325
698 798
819 547
414 261
441 425
789 197
689 243
673 726
451 256
385 178
794 286
893 996
380 793
641 481
551 674
936 547
498 364
392 577
889 517
926 386
324 304
314 362
566 84
988 766
459 488
668 764
252 593
664 75
763 141
647 258
506 808
110 50
185 473
631 404
517 465
565 6
754 65
212 629
639 782
235 572
611 297
350 799
133 472
632 780
373 678
914 32
848 804
353 410
670 637
625 214
238 547
812 790
468 44
215 90
299 967
494 888
978 913
648 458
959 726
191 765
925 962
880 115
792 905
540 319
11 555
47 345
838 60
913 907
143 810
311 340
849 789
847 262
764 980
109 304
822 576
663 400
353 951
649 738
105 860
842 277
40 295
962 974
724 785
942 200
480 559
654 764
567 165
685 218
579 498
941 112
50 595
125 397
896 415
161 880
885 435
115 360
319 317
309 2
538 895
964 181
121 81
77 38
294 564
780 615
586 722
730 855
485 348
756 678
243 269
9 325
229 226
472 553
454 649
792 156
976 137
542 72
354 582
380 225
441 867
374 837
104 227
332 467
281 955
624 633
803 794
532 452
327 72
274 84
131 485
169 186
592 817
597 282
815 343
799 946
636 240
307 36
236 134
259 329
723 748
540 974
411 2
175 101
639 512
964 958
550 51
347 852
577 119
959 613
310 585
527 865
711 4
329 286
537 993
39 907
743 439
726 707
486 676
413 288
692 923
273 327
257 602
844 570
614 672
923 141
934 594
675 572
162 985
236 330
573 197
520 815
635 811
980 185
693 896
299 714
783 734
791 227
813 359
262 503
444 398
338 137
283 520
968 272
854 993
864 449
871 493
791 336
634 695
597 545
585 105
785 607
239 296
866 514
393 582
556 301
499 196
533 612
229 467
530 912
875 609
380 833
200 167
916 229
186 390
115 20
371 958
978 811
108 827
604 208
915 935
328 843
148 62
636 54
812 485
778 85
15 270
932 990
656 594
106 239
629 692
977 179
560 485
937 404
267 553
454 757
55 910
846 425
38 839
129 697
846 990
946 740
449 388
659 249
915 99
900 245
243 692
363 459
653 636
319 600
605 835
17 474
181 615
554 3
238 616
454 192
739 402
596 489
451 858
344 170
571 701
74 511
39 943
250 284
952 536
862 511
844 606
115 662
412 914
274 911
26 28
779 630
729 475
533 587
790 106
664 907
619 4
567 892
287 905
943 294
646 629
810 783
775 787
949 556
128 834
290 318
936 953
132 906
137 203
410 512
193 944
712 896
864 203
858 537
471 30
465 822
167 769
388 562
744 384
712 126
366 163
461 181
859 110
253 307
56 881
38 897
225 850
262 825
156 468
618 667
565 944
454 721
17 400
422 435
579 12
262 712
695 674
38 867
298 244
27 478
562 723
30 711
415 863
689 473
436 154
956 593
350 800
902 907
330 820
331 213
930 48
601 151
148 93
735 36
102 842
630 282
23 360
193 133
486 514
468 9
469 304
52 712
934 794
494 861
577 63
302 144
527 857
680 800
535 354
187 720
4 506
188 15
979 364
435 414
662 867
662 563
406 45
967 744
179 997
110 955
201 125
774 760
222 965
444 455
62 786
374 512
857 618
508 754
783 790
784 744
970 779
480 19
867 641
245 285
961 842
163 6
223 520
422 817
291 904
799 125
379 756
533 833
293 916
88 202
172 95
928 773
612 605
759 798
428 460
615 346
102 703
15 672
860 131
807 388
177 596
944 238
375 902
786 570
910 951
986 345
459 491
422 765
439 689
669 340
321 462
693 350
932 790
475 837
665 693
868 916
489 545
77 794
425 457
544 657
158 485
829 624
649 506
778 734
700 899
316 714
126 193
865 693
882 877
316 444
822 445
982 948
670 610
235 861
443 648
750 783
652 974
377 508
787 947
592 425
253 642
677 129
731 798
211 117
98 401
120 713
852 250
788 866
92 695
430 195
378 752
305 43
801 8
400 769
940 651
46 258
304 237
819 574
767 860
219 986
186 129
757 342
975 387
988 288
908 376
250 776
270 801
236 811
206 119
814 886
637 273
285 380
31 392
876 731
935 742
646 863
690 531
51 803
695 294
474 422
793 298
724 726
825 889
419 712
630 996
77 988
719 605
940 350
302 963
449 669
600 971
689 10
971 560
614 323
973 226
242 108
61 552
833 567
6 363
778 400
141 462
91 881
735 440
720 143
649 389
616 48
412 37
236 588
768 309
777 45
259 682
192 583
584 573
520 261
503 266
260 90
588 108
312 719
386 682
739 232
188 354
1000 732
307 84
329 396
887 337
28 266
692 801
929 561
70 917
148 839
754 550
4 291
888 524
830 915
762 45
467 139
340 123
303 881
487 244
573 83
919 75
687 223
819 463
804 409
537 514
613 837
336 845
565 71
390 558
983 741
639 71
889 128
603 958
654 558
568 939
58 377
616 983
211 349
728 689
35 11
880 604
241 802
718 268
593 988
812 241
653 479
272 775
396 584
550 809
782 114
918 973
742 1
512 652
675 200
513 229
293 885
663 635
704 584
320 957
615 354
233 928
252 132
270 607
402 687
737 496
8 586
389 435
928 555
570 208
772 628
55 536
324 559
364 620
555 157
721 181
228 338
29 159
644 364
575 436
542 327
781 565
484 651
160 65
490 840
199 96
921 771
867 91
479 257
598 217
213 181
434 130
736 782
607 5
442 649
79 732
170 664
635 324
690 513
984 76
516 235
277 569
355 493
183 803
187 292
353 28
305 913
178 481
273 169
715 714
704 121
100 257
892 930
785 280
579 718
790 107
832 989
819 713
767 135
288 911
182 283
774 575
940 851
281 250
748 919
177 441
883 299
174 478
513 336
452 132
769 206
589 453
2 319
224 875
557 103
595 844
888 194
281 276
654 983
252 859
427 991
836 433
985 921
125 150
675 633
510 624
501 839
138 233
638 844
377 877
603 100
972 919
590 354
170 169
777 135
975 812
725 569
360 823
308 63
130 811
789 552
5 121
808 698
769 596
39 270
223 61
291 725
553 650
222 511
313 577
960 644
502 31
481 554
297 85
317 138
890 188
295 454
674 717
490 590
274 703
614 783
562 682
598 340
1000 931
487 175
363 101
933 465
681 8
149 546
493 117
465 917
743 510
84 73
670 944
106 897
843 300
434 773
774 878
791 68
369 677
282 116
467 48
418 628
145 724
365 817
365 671
611 937
687 260
508 755
241 904
537 363
188 989
101 620
953 731
438 157
849 602
794 493
484 119
880 612
220 477
607 723
77 324
975 351
776 831
429 126
874 78
250 868
806 795
133 579
11 171
875 552
56 560
775 165
944 239
630 921
333 397
567 791
143 188
897 424
61 515
725 620
212 913
764 198
695 528
699 391
869 269
838 852
511 564
402 40
159 993
811 396
568 84
821 219
270 83
322 354
530 191
915 267
535 562
334 817
796 30
92 995
238 545
812 784
83 736
32 802
449 891
57 721
911 541
3 112
101 861
616 591
304 561
840 707
969 289
494 606
757 130
743 371
267 276
975 355
399 819
534 202
737 958
166 718
942 95
780 78
230 413
984 721
838 220
736 370
24 686
558 47
317 707
109 544
380 601
162 260
605 16
608 828
755 703
607 678
674 544
263 6
690 302
950 196
902 347
506 786
181 314
988 958
132 722
595 772
745 151
140 561
346 234
81 15
766 796
508 74
128 472
534 592
828 885
833 645
25 576
502 616
873 132
33 93
786 629
495 53
423 128
462 606
247 476
682 821
887 236
834 920
138 899
303 335
360 783
859 891
363 592
878 465
94 448
758 504
566 626
933 853
594 94
131 487
459 978
920 608
939 332
469 149
473 210
313 633
577 196
230 994
361 849
283 336
308 644
672 991
49 572
446 526
286 803
503 555
434 110
515 811
476 469
350 426
886 104
623 827
644 860
828 145
518 829
614 678
140 179
624 150
842 85
92 660
588 561
258 34
813 724
245 434
887 999
748 303
733 413
241 967
790 76
335 161
357 953
874 341
34 396
129 416
520 527
25 119
71 301
714 333
722 115
475 339
300 94
393 580
853 774
547 167
361 88
225 505
593 821
232 459
140 205
55 373
148 795
233 821
225 618
209 45
548 426
987 218
219 116
699 846
78 313
483 427
530 688
582 761
972 797
115 308
687 194
864 621
725 548
314 527
146 641
655 841
98 323
403 456
248 925
634 768
356 360
449 410
986 419
159 783
365 230
166 25
167 304
282 554
551 825
345 74
735 189
437 538
900 134
316 861
445 915
876 214
624 758
587 506
753 982
471 783
679 298
525 25
465 211
578 155
231 419
587 75
2 479
226 450
536 83
151 226
563 226
876 43
52 613
697 616
917 935
900 331
795 55
745 864
905 603
909 3
838 491
126 425
292 27
974 731
979 167
678 467
115 521
496 559
407 683
983 648
951 382
495 978
64 328
45 948
943 954
35 89
258 296
131 714
707 619
438 33
524 226
176 112
853 794
68 38
414 462
555 572
681 905
3 661
779 52
798 336
569 616
72 432
256 87
989 475
93 518
618 487
821 258
206 377
837 94
642 518
113 838
774 11
850 677
462 615
402 946
289 310
959 106
941 907
933 523
700 976
621 264
514 962
442 985
539 573
646 499
418 857
325 620
17 299
201 598
769 964
526 212
400 460
290 848
420 775
614 957
597 65
925 586
840 970
164 268
165 981
666 586
481 384
611 321
757 828
1000 819
75 953
169 332
871 405
818 99
613 726
969 405
823 470
880 808
643 84
883 635
644 699
399 847
145 612
19 959
304 195
113 795
823 244
71 883
997 673
11 972
603 403
205 270
243 103
335 959
233 93
768 880
666 921
291 317
241 634
284 929
332 919
43 460
82 362
987 149
110 356
816 987
746 347
110 215
138 484
632 339
320 789
228 166
636 299
301 686
108 908
664 78
42 302
243 419
930 273
327 323
309 212
797 63
854 432
655 129
68 621
604 559
473 475
33 701
630 555
151 614
506 876
616 101
372 923
599 356
289 505
955 940
428 996
142 14
574 13
795 800
942 561
584 993
882 762
782 606
445 472
486 556
52 686
437 254
810 510
982 528
325 243
622 635
296 136
230 688
910 258
219 641
143 823
202 465
602 905
577 315
762 233
727 873
987 644
736 388
628 658
719 197
33 822
428 18
510 98
421 915
770 452
719 27
831 765
689 121
558 942
383 982
813 179
392 411
493 503
24 188
980 715
233 970
18 646
401 758
521 517
828 903
688 227
392 463
245 819
671 331
177 563
966 893
309 22
539 953
77 986
427 183
99 615
938 329
612 288
650 197
264 792
281 670
342 49
156 270
920 835
904 328
423 784
706 172
707 413
947 682
218 370
717 876
419 953
574 975
186 916
460 283
983 467
725 353
947 731
397 262
276 645
655 443
640 608
754 322
260 513
95 78
922 534
886 847
959 529
250 37
435 141
952 801
256 1000
645 258
114 628
465 818
442 557
808 513
217 325
847 705
574 267
852 169
161 798
34 860
809 154
830 608
908 218
16 482
35 350
442 324
227 922
921 274
373 285
102 245
125 332
898 120
149 940
499 427
214 642
784 133
461 987
210 221
234 215
841 837
879 261
115 104
760 115
119 688
380 860
695 151
804 85
261 469
651 85
512 317
237 982
20 12
385 409
725 961
211 923
216 751
323 181
363 896
34 928
987 74
589 146
114 481
179 583
411 566
466 695
855 51
270 383
18 492
147 240
481 846
160 869
677 640
34 642
381 569
407 403
899 478
660 801
155 299
872 199
636 160
484 693
809 826
520 291
981 92
714 633
472 68
614 306
332 438
446 600
784 519
88 916
787 892
37 101
792 806
761 435
407 87
924 291
84 192
844 714
884 559
773 706
903 663
615 649
652 405
193 472
342 763
550 72
239 661
349 213
114 890
448 778
942 37
899 274
149 863
331 852
357 988
586 194
225 314
962 821
484 465
458 357
943 554
453 474
348 160
828 762
900 799
560 888
888 85
306 748
950 141
625 906
650 345
251 516
893 77
417 234
976 565
458 982
66 894
342 300
567 317
509 821
16 965
385 485
190 368
835 125
882 675
985 520
821 434
569 329
879 108
806 549
955 564
204 955
186 333
432 535
587 605
181 900
932 844
261 124
86 3
214 52
288 156
789 566
117 951
869 376
431 317
89 142
342 232
697 463
19 183
847 837
534 280
959 843
504 659
871 307
198 499
639 743
787 186
702 750
593 767
385 978
794 765
735 33
368 81
443 609
316 209
83 710
959 553
598 251
31 686
549 813
36 752
184 579
592 448
390 827
981 338
658 215
571 730
2 339
666 762
795 18
339 910
617 921
819 408
807 524
16 411
839 805
205 969
222 825
260 542
305 677
426 921
151 340
157 791
913 717
699 348
494 802
64 341
183 84
314 933
443 267
712 848
414 816
120 489
883 265
920 317
480 372
906 880
525 730
958 1000
381 204
21 395
833 925
832 584
124 274
202 848
115 465
388 529
970 7
565 767
33 454
682 573
385 449
333 395
621 568
604 778
552 885
863 527
226 576
647 382
120 553
631 400
689 629
75 908
347 561
43 792
982 85
126 987
470 313
311 895
238 965
574 931
795 946
105 880
403 46
882 872
313 611
577 254
164 991
696 156
127 324
450 50
97 913
413 457
373 964
31 642
159 679
662 544
636 430
222 251
658 827
828 226
149 580
101 859
135 992
563 74
729 374
662 770
942 498
799 431
986 176
178 423
510 16
420 504
280 683
443 73
11 781
358 164
106 133
13 375
841 78
715 613
289 334
258 382
331 796
270 949
519 706
22 382
558 412
486 331
825 563
918 804
522 501
870 45
394 64
927 190
451 113
824 757
396 566
754 87
558 382
542 771
42 220
33 908
537 129
96 479
445 740
281 579
928 514
102 741
401 322
471 432
958 930
299 99
525 817
216 643
659 259
932 821
939 19
673 163
503 112
967 961
915 218
347 492
518 469
857 303
18 171
915 75
918 248
355 54
287 411
339 372
929 891
825 256
345 108
56 505
646 440
207 658
209 685
161 578
515 527
320 728
188 381
688 861
657 802
58 849
62 249
796 147
959 609
709 606
781 321
50 461
32 832
783 407
572 330
175 327
342 732
861 804
273 315
392 768
62 719
47 377
286 707
37 307
828 749
776 445
482 578
193 541
214 929
875 25
362 252
89 604
201 58
336 991
617 610
559 259
245 589
292 659
644 515
793 975
975 499
337 315
338 20
713 32
348 221
168 619
421 775
500 768
928 977
102 980
448 747
604 398
42 931
902 325
351 862
462 508
643 438
286 46
569 594
336 685
206 961
394 782
842 713
822 424
111 76
718 92
77 108
519 85
950 157
100 467
119 465
632 69
640 146
803 766
841 567
608 262
521 433
149 464
483 314
270 380
308 183
464 413
247 418
48 604
178 743
251 935
638 561
476 960
682 791
844 295
393 224
895 711
9 685
143 404
181 833
709 900
189 342
104 338
69 736
87 635
517 8
639 455
654 933
545 855
929 752
288 372
75 32
296 275
613 544
412 345
680 697
554 158
477 893
740 677
981 189
236 388
553 478
295 977
409 374
743 471
654 380
431 994
623 857
645 419
991 554
775 617
407 677
193 761
589 314
804 15
453 167
757 489
850 317
758 850
119 960
139 152
738 74
182 286
385 56
205 663
443 238
872 940
543 243
447 686
789 143
98 493
581 989
874 105
430 587
71 943
220 363
572 752
230 758
140 612
243 171
725 883
427 976
54 145
21 644
885 649
200 399
191 915
90 173
18 446
403 8
25 574
176 446
731 428
915 165
750 107
75 273
55 799
21 923
649 450
138 601
621 262
911 70
470 274
146 60
421 246
441 520
117 551
799 494
65 180
639 742
727 29
144 549
967 175
71 122
734 718
848 829
21 893
498 634
544 553
377 379
268 766
277 526
860 908
899 804
458 220
813 854
960 310
66 905
142 338
683 538
575 536
70 976
52 635
538 398
921 574
60 94
652 442
653 975
265 790
64 156
24 951
409 285
779 569
654 459
842 107
715 747
199 538
774 764
666 413
896 618
953 879
572 967
809 499
463 342
598 791
366 437
491 617
257 209
646 597
780 422
922 293
409 910
262 150
894 57
660 465
497 581
3 610
405 186
832 730
928 793
943 702
881 991
418 55
382 380
137 645
873 115
765 165
436 663
831 270
195 40
488 62
531 578
363 593
452 409
73 964
225 861
295 125
385 768
612 127
161 121
13 561
610 690
424 981
497 129
801 73
730 977
33 39
142 835
879 240
989 880
587 713
226 675
373 520
407 474
669 995
692 388
325 701
380 440
51 165
70 643
515 530
570 715
676 156
291 259
905 294
87 656
916 930
777 380
835 690
794 489
490 673
606 243
18 776
173 428
502 280
268 448
434 984
198 1
535 386
131 72
829 161
895 160
770 817
667 576
22 162
926 916
448 883
268 38
257 787
738 364
331 654
339 139
35 130
206 345
903 269
173 112
579 969
490 244
733 88
132 959
595 43
818 502
547 140
987 469
723 335
433 214
309 370
718 214
224 790
103 550
966 992
552 564
167 90
237 634
707 97
377 774
488 425
752 854
769 326
368 591
497 173
33 195
556 242
644 485
683 9
924 789
427 343
428 676
565 101
638 613
585 661
493 970
223 225
208 838
29 296
490 848
100 536
237 453
134 78
193 362
886 978
958 511
203 458
499 851
778 976
302 498
639 527
711 114
628 828
735 120
611 38
60 288
529 495
251 439
363 145
26 465
682 263
745 991
468 188
70 24
566 957
880 148
594 460
457 54
857 969
107 434
366 733
974 924
314 273
482 562
926 515
343 759
310 484
847 7
118 577
528 109
914 886
791 476
261 561
427 713
799 49
345 832
915 716
326 653
662 363
8 784
704 477
906 777
362 479
380 862
785 892
200 172
935 646
746 219
20 14
376 604
638 852
739 767
96 619
760 706
255 769
94 641
169 622
649 340
850 591
797 116
137 153
873 903
303 364
855 787
17 691
803 940
790 854
208 802
118 293
624 666
949 331
96 919
649 135
394 874
539 368
170 757
423 741
762 875
501 197
818 649
490 598
829 964
895 103
829 7
631 927
687 921
732 758
469 392
71 324
758 6
785 242
122 351
361 765
880 783
904 623
373 334
671 683
196 713
107 414
642 447
828 406
611 542
223 383
712 679
716 378
645 841
297 731
637 755
358 508
548 132
581 702
555 672
504 352
107 589
471 164
743 915
577 813
335 166
655 746
343 110
918 688
337 81
379 442
346 161
953 383
402 655
111 99
557 261
526 748
907 346
980 892
855 96
432 582
368 568
369 465
756 667
479 796
156 465
649 509
234 653
132 346
705 520
668 436
602 176
450 933
712 464
588 323
240 465
976 485
133 176
428 876
657 574
397 763
91 554
644 332
517 218
520 370
423 939
597 364
325 617
786 237
141 543
669 800
251 273
78 719
99 197
579 591
943 438
178 204
251 398
605 723
511 80
972 422
459 765
724 327
395 597
107 207
839 150
640 840
878 968
903 757
939 708
302 4
322 734
166 121
142 40
143 988
990 145
44 587
463 51
1000 837
250 428
768 777
776 630
740 783
376 506
672 551
468 458
715 253
591 919
728 766
582 233
414 271
567 863
332 684
595 14
867 789
662 160
491 304
391 909
376 839
91 428
419 501
521 669
184 296
244 326
872 679
390 54
391 779
90 994
241 456
42 523
205 109
150 726
410 771
346 133
642 630
350 709
981 621
284 755
2 684
176 401
161 120
859 65
842 913
590 211
919 811
186 669
109 499
638 118
722 949
833 479
483 194
711 474
358 774
846 62
61 737
579 892
545 60
274 106
882 791
42 222
351 104
621 122
970 434
973 573
226 898
796 26
608 218
969 634
221 669
352 596
973 654
779 780
467 261
123 743
210 257
409 444
924 357
66 541
189 349
967 321
899 33
24 869
520 170
643 36
607 383
625 593
154 27
687 183
984 35
555 957
607 396
335 201
118 715
819 660
113 416
732 883
264 277
718 394
507 734
461 675
723 112
338 46
291 508
275 995
224 969
45 181
315 339
372 352
985 827
512 677
660 357
989 495
629 952
650 287
813 193
154 590
379 501
984 785
548 434
642 939
684 50
479 950
428 436
944 143
660 82
446 943
949 178
403 210
883 737
197 894
67 193
33 81
316 736
622 252
809 545
593 394
955 751
267 533
630 773
173 971
797 177
994 321
373 644
104 391
141 249
144 622
218 403
816 251
166 211
574 44
669 744
563 285
196 786
88 955
201 764
37 78
221 737
352 624
350 31
867 179
303 911
711 2
549 995
296 87
630 246
245 156
706 670
586 376
89 640
878 896
516 131
424 187
80 845
653 22
692 588
769 441
770 786
164 37
700 87
349 127
425 535
107 437
509 377
898 78
629 88
421 547
405 430
408 510
687 312
11 811
679 932
499 428
372 166
652 48
908 394
340 580
396 758
749 800
291 408
784 40
161 343
374 879
159 145
418 13
556 299
66 56
978 213
808 788
64 957
885 213
641 35
864 262
628 181
519 87
333 448
371 821
323 182
822 140
994 801
737 35
454 751
311 817
863 577
898 839
804 109
777 878
273 703
347 458
226 761
276 565
540 778
669 938
506 456
346 689
511 857
799 924
639 605
18 943
221 596
391 801
705 111
866 607
308 412
819 227
970 699
435 234
83 668
669 637
728 167
495 651
50 126
37 324
809 251
580 690
659 790
853 248
631 557
979 180
597 749
33 770
343 549
326 589
790 108
538 253
79 31
392 810
447 603
201 165
681 723
900 907
337 293
64 763
841 917
144 323
382 503
664 954
628 491
956 418
996 631
524 136
862 972
614 29
137 623
101 166
873 405
927 880
721 857
211 971
18 192
507 352
91 97
578 533
981 584
98 132
176 289
124 495
648 603
1000 206
910 767
74 871
471 747
424 906
595 655
323 432
659 170
199 285
916 315
632 648
579 131
262 605
471 969
717 817
890 487
303 240
251 163
677 387
312 797
829 328
422 230
407 150
869 583
907 886
728 276
479 524
160 320
930 828
992 665
368 163
432 868
758 496
610 196
62 427
965 698
846 86
974 648
424 228
304 522
505 511
782 787
736 525
663 20
352 262
83 406
122 368
382 166
154 183
102 289
387 434
417 591
126 171
990 432
281 40
845 139
227 804
108 775
943 602
196 445
509 146
10 441
550 795
298 636
560 871
499 21
797 582
84 633
175 802
180 632
932 687
435 977
475 12
811 950
138 84
836 3
332 994
885 762
635 667
561 796
245 859
124 412
569 761
682 568
954 837
295 127
668 763
450 228
967 585
125 806
91 250
929 139
574 757
242 66
802 123
514 433
260 500
884 454
456 729
690 878
693 122
161 345
184 38
845 271
72 607
878 425
126 278
610 539
703 262
605 788
198 458
644 176
437 606
208 634
279 299
265 709
88 928
381 945
184 499
187 532
443 654
284 361
801 612
47 319
839 228
87 771
273 195
421 347
4 309
493 130
173 426
908 931
676 455
269 919
438 566
61 277
562 474
598 484
781 60
231 197
822 936
474 842
657 867
595 350
257 777
523 361
586 39
311 194
850 368
408 483
429 115
654 596
605 250
720 908
662 99
617 532
338 47
161 424
14 806
55 78
708 372
271 167
825 560
309 719
326 679
833 973
171 738
577 891
524 998
682 762
419 400
2 664
405 845
7 137
80 184
897 237
239 96
846 184
918 517
26 965
25 986
299 215
864 983
424 804
295 99
1000 247
432 579
125 970
398 344
418 426
312 153
984 648
260 345
333 317
834 866
1000 6
317 694
136 214
712 489
129 711
459 120
652 936
887 152
195 578
568 168
640 757
15 247
237 451
302 385
532 434
812 536
816 321
743 718
389 575
924 226
108 455
19 462
114 624
64 165
175 211
41 312
18 874
899 143
482 895
283 370
269 275
635 186
841 444
519 863
921 500
406 124
409 264
227 561
434 845
477 169
530 322
429 198
641 614
490 52
849 763
261 797
44 419
462 182
746 773
106 228
234 49
897 781
571 338
628 353
719 74
222 534
542 561
28 891
367 364
370 384
229 331
908 256
659 868
695 98
408 12
172 29
154 560
233 25
875 614
234 354
492 770
141 687
37 965
868 741
542 866
181 138
646 972
299 51
839 93
307 732
860 496
350 642
655 643
968 945
882 235
55 903
577 809
935 756
389 95
384 625
242 285
298 27
722 43
63 281
216 384
808 708
271 204
458 453
42 4
40 830
514 874
790 701
866 246
773 923
594 19
99 90
321 848
302 413
786 22
770 691
795 236
654 33
711 80
967 490
364 189
97 990
574 344
334 925
944 881
743 579
988 834
895 772
752 30
588 876
594 753
801 513
541 546
252 889
805 253
273 292
41 768
580 691
790 242
947 405
783 827
453 164
222 611
562 196
733 109
537 258
976 750
72 729
233 219
607 741
696 499
23 596
970 254
49 249
181 460
515 484
986 264
462 334
971 656
864 800
856 880
67 11
536 2
512 59
769 652
995 500
997 302
538 288
218 135
934 337
829 613
170 34
320 603
748 635
17 669
706 3
412 410
844 437
218 983
130 758
38 471
80 601
189 89
670 664
514 656
386 799
724 321
767 365
329 223
917 966
495 686
188 6
444 248
11 519
563 114
287 338
736 526
6 766
22 116
831 998
961 556
213 663
506 648
754 989
897 669
547 260
654 744
552 430
336 553
633 325
857 543
803 127
404 146
940 956
742 112
675 57
21 407
25 844
449 616
474 461
592 536
831 267
7 821
281 249
694 17
589 197
954 834
258 845
850 755
501 805
711 694
215 935
665 702
78 485
206 734
906 176
708 868
771 256
215 788
725 743
713 795
588 353
91 923
218 300
692 391
131 497
665 841
531 112
255 654
758 307
740 282
8 211
653 701
356 515
195 903
913 208
553 377
660 571
421 457
227 310
567 135
95 973
792 866
26 266
120 609
585 569
288 513
715 426
758 76
80 867
437 532
766 587
785 184
456 754
828 122
880 284
902 261
878 379
675 665
220 234
628 671
650 985
923 455
11 769
22 583
418 773
145 571
348 70
40 303
465 294
347 346
927 388
988 150
435 782
25 14
565 264
245 619
963 432
659 843
399 588
392 662
104 640
51 955
505 839
513 146
826 75
724 622
673 980
266 2
50 685
955 222
328 855
677 949
215 986
932 930
437 76
132 510
1000 248
836 262
655 962
164 943
276 440
698 355
418 67
603 162
933 637
570 793
644 480
616 55
579 205
155 83
164 653
882 934
575 409
523 562
781 522
345 112
167 411
740 431
407 360
269 231
880 346
843 942
296 182
844 509
347 831
207 527
918 548
18 984
40 241
70 908
677 188
329 262
442 623
669 520
321 698
913 990
737 754
165 889
494 911
244 806
409 271
301 361
742 852
995 567
624 283
224 137
373 280
896 986
653 246
789 278
666 67
996 718
872 948
687 427
156 660
498 1
604 283
953 533
885 691
202 547
955 99
617 640
779 433
799 50
383 548
76 755
292 560
777 720
831 621
586 540
806 805
220 306
135 315
621 986
108 819
72 489
401 725
608 171
448 229
579 506
927 956
967 643
860 497
366 126
95 580
955 559
793 440
320 850
526 646
927 589
161 38
270 320
55 902
596 974
336 204
105 385
215 732
952 390
237 132
627 260
298 24
62 113
959 493
781 733
194 89
910 259
235 623
234 950
238 790
757 174
375 395
251 153
325 626
731 659
844 402
618 867
424 969
455 384
888 849
787 340
529 319
47 308
678 421
455 273
630 161
368 620
317 208
190 144
129 514
305 680
322 582
514 572
59 409
401 468
276 588
535 455
706 531
140 77
70 138
199 562
888 269
886 360
177 208
303 624
568 991
642 442
898 80
704 239
248 27
102 138
417 657
624 406
77 456
775 779
867 762
532 128
449 865
631 383
693 654
234 165
8 279
391 915
489 497
515 487
21 114
633 394
728 816
460 171
893 72
988 892
220 278
936 735
133 761
959 301
45 413
634 336
360 497
437 19
243 348
272 854
919 768
851 650
428 585
584 271
768 214
172 606
845 408
593 71
792 414
705 525
525 428
381 728
717 862
366 372
721 283
389 195
137 186
839 324
300 220
652 9
422 149
226 778
272 352
618 820
431 425
201 600
74 726
327 8
330 724
385 981
652 705
835 589
801 493
431 30
327 153
578 249
139 879
268 329
19 521
972 417
331 299
346 397
657 127
771 998
36 844
734 127
202 84
991 340
792 950
136 698
66 679
948 569
466 496
230 281
804 472
218 909
222 973
940 520
743 213
412 893
922 364
921 205
528 25
379 799
45 139
767 160
269 565
897 884
550 910
258 262
701 530
500 981
31 15
56 729
932 346
861 300
922 336
430 619
237 631
110 511
419 502
797 757
449 623
506 872
489 382
208 274
300 322
470 886
327 539
206 684
318 298
693 166
252 58
181 114
474 236
76 360
204 437
754 446
389 5
907 712
985 664
345 377
95 813
514 163
254 841
821 179
185 337
95 946
756 920
759 459
393 316
568 142
87 590
591 330
80 280
491 434
533 7
198 456
952 156
544 779
925 695
505 206
875 418
223 737
108 7
424 420
833 24
616 408
429 941
748 141
421 345
631 832
286 857
966 239
790 345
283 281
835 980
378 649
72 596
783 604
280 513
799 426
455 908
224 238
248 228
139 343
208 240
55 219
187 67
633 247
541 956
840 311
894 206
617 683
854 840
339 493
163 187
681 954
224 955
371 60
51 375
907 40
487 626
703 642
389 310
694 67
845 237
113 693
759 619
108 863
953 180
149 455
826 285
510 770
60 777
322 724
6 355
854 359
359 831
933 636
180 256
916 270
539 733
77 822
962 220
458 431
191 387
72 580
164 541
865 888
77 536
647 908
873 713
56 365
644 150
661 784
766 827
622 831
164 499
535 732
131 138
242 98
230 628
144 783
930 866
970 183
792 910
790 394
717 682
62 609
763 468
486 861
715 329
718 856
149 611
114 848
44 639
406 114
689 630
407 815
207 947
678 430
748 294
658 570
205 541
222 901
12 195
489 250
966 260
608 864
111 663
222 532
650 589
524 102
215 437
235 411
370 680
385 64
776 879
172 392
10 383
750 933
602 136
129 91
661 502
747 405
343 70
119 153
399 464
37 963
721 882
849 325
794 718
210 505
48 484
980 757
530 792
603 370
381 673
755 47
424 883
385 403
3 860
759 591
390 140
211 929
105 358
417 633
237 865
574 544
993 727
721 270
357 344
363 791
164 972
534 998
773 342
521 261
178 736
105 384
403 465
646 383
134 419
670 369
653 311
821 235
293 258
578 496
778 670
172 641
854 109
102 736
839 507
164 561
354 131
212 293
160 456
566 704
494 735
80 639
372 186
47 85
140 409
592 474
672 450
675 997
996 653
438 589
629 374
23 61
923 243
616 639
671 625
653 934
601 461
340 423
615 101
969 273
641 365
40 59
871 366
841 303
893 771
700 118
86 267
995 594
127 863
384 471
224 150
154 193
611 767
727 668
529 779
885 73
534 100
428 119
304 173
487 724
144 326
572 798
276 451
25 197
79 318
382 325
152 192
618 361
285 316
714 918
988 893
194 562
223 720
854 594
802 249
860 295
533 391
224 577
707 172
66 316
985 530
750 274
475 880
811 250
30 274
17 625
74 866
935 115
318 105
545 443
639 911
656 892
184 13
508 371
310 733
152 555
797 197
47 922
104 292
303 268
34 531
603 300
630 625
80 317
17 300
402 222
744 867
450 754
587 415
463 872
933 72
311 420
539 193
226 220
585 515
435 376
165 943
666 708
403 790
207 228
706 709
176 632
325 169
400 112
663 17
405 257
149 315
671 762
6 655
465 687
54 475
970 355
76 967
922 677
758 947
269 564
241 785
367 305
499 105
851 252
779 363
694 346
833 998
760 66
875 812
149 582
586 597
658 790
879 424
256 10
646 908
759 902
339 901
299 236
121 874
730 696
894 367
76 282
815 783
411 583
255 884
147 193
169 537
505 400
76 248
518 483
975 776
411 869
566 511
612 105
632 679
928 390
459 556
414 651
592 245
611 339
259 710
167 497
356 446
539 857
40 951
668 41
250 8
216 152
203 434
511 373
285 648
514 626
511 112
203 259
80 726
335 262
653 925
636 571
585 575
785 45
516 171
115 680
95 390
83 454
377 229
486 769
532 989
258 86
222 989
260 760
396 488
269 886
550 713
828 491
826 499
539 243
233 375
965 78
253 876
969 11
25 99
447 668
529 979
514 41
880 553
611 683
163 186
166 354
514 197
422 933
375 607
203 726
440 644
840 417
149 228
530 821
106 323
803 379
12 740
806 654
788 397
185 176
42 747
495 471
704 660
798 831
979 538
833 728
379 358
515 139
578 600
137 390
712 270
440 81
544 583
474 588
730 958
437 364
664 288
556 790
321 195
233 527
677 614
308 511
942 206
648 884
846 635
117 617
83 825
69 758
30 516
130 922
192 719
70 736
551 371
616 358
891 956
412 371
225 329
937 52
630 347
776 246
253 716
736 746
714 370
640 820
456 641
700 508
774 927
154 456
562 509
442 335
631 581
300 929
616 802
478 819
188 814
872 807
750 840
605 219
219 896
880 966
789 276
148 396
204 859
908 390
605 76
370 447
650 733
762 797
277 816
418 9
537 69
774 362
777 726
582 471
50 764
396 976
94 985
385 353
719 794
100 330
372 503
266 36
360 499
507 344
698 35
113 705
384 935
224 678
760 856
318 272
138 250
734 466
655 947
105 103
91 182
8 706
228 101
266 262
589 28
260 312
613 918
583 578
329 795
327 256
238 165
575 46
355 971
468 682
820 135
507 132
237 19
751 674
331 82
276 561
632 735
942 918
190 923
377 752
218 448
221 575
113 158
757 669
938 985
207 636
789 102
635 113
415 899
296 281
170 766
136 418
31 691
360 640
936 329
95 312
575 738
814 430
340 49
38 289
957 446
995 887
45 676
614 768
409 233
248 319
144 10
444 994
662 972
206 504
832 935
581 276
36 828
954 390
386 378
736 306
58 290
599 577
598 892
913 516
932 288
390 444
263 70
376 816
815 838
604 104
931 232
883 163
603 288
694 153
879 407
609 375
299 10
565 740
124 372
142 591
91 101
509 718
258 868
924 517
925 252
764 836
716 679
882 187
556 952
318 415
726 264
128 311
238 214
260 284
820 244
53 621
18 346
679 19
720 64
363 528
749 639
330 683
331 126
759 406
304 962
990 862
972 253
421 65
577 235
299 411
448 417
640 559
347 889
596 416
118 36
28 212
212 425
434 95
952 992
2 443
221 293
496 492
662 819
679 883
875 296
892 650
663 163
496 379
459 577
861 155
14 701
878 748
300 986
616 747
377 185
395 822
412 968
822 627
970 942
292 182
353 928
658 515
384 436
809 501
171 988
888 410
597 638
927 429
34 460
257 43
442 89
831 705
375 93
932 324
827 102
578 800
101 373
817 140
729 840
713 371
128 215
845 886
723 294
250 988
716 997
509 865
820 219
500 612
580 623
485 200
768 918
822 217
879 24
203 523
204 288
578 629
359 946
570 145
612 308
613 93
650 41
332 755
892 4
856 621
449 425
712 497
659 202
199 253
667 978
646 324
226 701
192 629
688 586
742 669
627 623
938 14
890 263
374 156
131 201
783 154
40 952
810 196
57 895
875 502
30 971
307 66
516 118
368 116
919 347
188 455
868 417
389 616
528 556
545 898
305 613
912 395
839 224
108 110
365 601
706 695
264 414
799 630
377 123
948 616
752 89
843 370
644 865
860 109
926 783
573 182
662 140
16 13
865 248
884 780
650 964
278 909
808 572
214 783
732 840
453 377
679 959
538 49
131 765
4 366
64 648
905 966
78 668
569 861
698 955
954 289
607 681
828 714
813 821
176 929
193 965
805 758
185 981
557 21
387 805
138 20
385 238
552 683
664 869
992 434
441 172
480 646
134 121
262 66
500 713
564 710
806 655
680 443
333 471
250 865
962 393
985 984
824 732
487 850
313 52
254 555
293 953
954 869
186 715
964 350
50 380
713 730
53 25
128 320
332 224
817 628
801 111
695 591
102 840
416 58
933 971
479 342
804 888
161 746
695 877
386 561
860 678
338 790
209 678
139 971
589 346
517 430
799 820
502 92
486 625
269 213
93 433
165 4
520 109
634 151
482 136
209 832
502 246
691 452
972 491
701 35
369 570
47 401
803 353
457 431
573 105
374 486
979 302
788 245
365 863
979 159
118 697
303 601
434 728
813 348
819 759
879 559
774 585
131 729
153 49
615 33
654 679
548 110
126 118
453 494
884 6
776 785
279 678
619 307
927 10
175 881
676 778
419 291
148 227
702 782
120 282
55 332
183 443
901 636
703 672
206 968
669 496
86 674
256 243
901 653
171 480
488 124
552 933
129 916
573 977
574 405
11 456
108 972
238 59
864 614
522 980
315 830
209 343
935 400
564 367
216 533
919 783
143 108
240 427
350 928
351 393
133 70
857 268
895 716
52 42
860 641
371 695
367 627
783 173
108 257
269 785
60 982
212 295
285 557
854 903
237 308
75 217
703 575
969 565
295 785
334 993
939 577
853 395
161 833
112 177
240 966
780 346
230 737
657 33
785 244
52 541
496 574
633 994
634 397
980 113
377 156
213 526
252 272
222 980
25 312
903 429
226 395
784 59
201 223
495 997
315 67
399 791
135 852
909 877
474 544
553 790
530 445
480 497
745 427
966 753
846 427
131 578
153 446
979 774
339 423
720 630
334 238
837 810
928 867
604 24
848 24
591 880
870 383
911 395
962 922
869 61
963 56
671 267
358 562
604 830
843 606
258 980
793 998
646 63
370 100
650 50
105 465
681 728
566 358
380 205
881 368
493 739
560 267
320 544
545 441
68 626
454 607
994 544
631 309
354 323
695 804
990 716
445 188
805 345
808 563
717 957
278 459
123 352
850 199
288 283
436 387
682 423
919 310
44 908
363 206
312 512
518 976
23 466
887 275
246 153
805 12
679 551
538 393
419 171
431 420
101 815
945 441
359 491
520 308
197 828
348 856
11 648
370 659
704 95
62 625
83 10
323 539
838 238
658 512
1 9
884 856
171 991
832 819
827 8
738 421
116 113
278 704
703 806
819 604
917 503
659 672
306 648
702 710
573 710
560 235
499 137
300 430
764 907
980 696
175 926
180 756
16 637
935 324
564 837
816 980
143 641
358 591
713 428
864 960
574 623
555 567
650 71
501 801
842 923
63 127
467 862
104 100
643 803
915 383
204 7
47 971
801 51
532 325
593 305
852 730
678 116
743 848
190 848
394 861
325 567
369 819
903 928
757 238
360 586
592 277
520 114
938 801
445 665
446 536
947 21
821 628
877 305
406 506
796 822
857 768
416 586
644 866
409 311
306 87
841 276
288 628
787 666
362 709
280 516
330 369
746 667
103 10
408 488
905 884
254 728
698 969
771 799
120 33
84 708
758 49
45 175
746 972
672 807
372 542
495 676
987 298
325 255
788 681
435 899
665 34
149 113
708 737
832 232
34 179
931 163
299 19
802 204
840 103
234 410
839 848
447 82
945 741
712 161
695 424
547 825
199 450
34 988
788 237
864 603
42 267
151 703
65 954
337 701
273 725
950 649
510 912
173 948
233 525
366 307
441 728
83 827
997 499
801 328
964 652
53 427
825 322
187 873
494 599
763 26
998 999
88 786
861 745
700 553
317 87
49 985
361 863
450 568
808 410
112 7
962 218
173 255
173 632
419 884
529 480
253 963
624 930
257 549
496 309
925 954
269 950
643 81
899 3
149 608
188 202
247 681
987 842
681 479
442 333
229 584
325 496
715 680
111 547
285 131
225 164
23 873
534 933
803 221
362 119
714 480
879 558
421 958
272 248
814 959
410 385
983 988
988 118
220 488
634 554
603 681
345 841
994 519
845 940
663 837
884 182
150 438
815 535
105 218
362 715
915 947
459 479
411 853
336 928
401 602
989 751
512 174
800 608
694 844
627 411
775 389
355 892
262 728
674 248
825 124
497 467
716 498
631 193
868 181
834 101
378 153
25 65
221 573
204 813
282 931
912 566
880 378
442 813
443 604
5 701
340 204
621 205
365 399
772 209
187 595
761 442
338 541
156 686
13 243
567 652
969 645
218 659
771 411
934 837
143 961
384 224
743 348
931 686
89 535
650 778
481 205
176 701
643 626
31 241
69 78
508 738
453 175
519 604
520 582
206 361
318 937
683 776
256 650
815 373
344 754
715 549
166 927
962 778
980 455
119 929
361 401
159 226
697 53
332 534
900 768
747 485
198 281
194 548
278 519
63 791
599 673
980 677
608 69
552 612
354 796
992 484
655 608
895 966
34 106
417 82
237 945
592 704
522 151
506 562
712 249
329 987
237 280
276 770
850 667
143 210
312 86
77 874
461 395
359 832
381 724
954 636
652 927
911 78
859 393
751 655
717 811
648 782
276 727
942 944
476 706
294 983
740 355
759 1
320 382
549 835
456 878
678 41
652 588
190 663
502 133
572 411
407 114
883 33
143 948
830 598
505 385
322 729
839 796
280 180
338 291
429 248
212 248
2 523
737 943
311 244
382 742
390 749
762 330
376 1
598 700
413 644
897 735
572 991
537 963
386 348
499 509
796 663
379 787
451 382
92 116
898 163
681 561
976 719
974 846
520 753
499 106
995 847
93 862
262 213
729 846
894 432
732 59
572 684
167 840
703 618
885 595
250 986
368 893
11 309
716 630
494 124
759 560
428 410
877 709
401 546
642 736
19 612
824 286
881 275
733 722
94 576
510 885
955 728
501 578
281 825
66 33
752 512
825 180
575 96
541 48
246 552
824 124
592 232
981 938
515 538
842 946
256 663
692 162
899 776
47 14
268 361
291 984
574 277
597 988
72 713
658 816
786 381
631 717
390 943
690 225
583 366
754 792
421 679
814 198
582 34
417 764
1 509
241 976
58 646
974 904
386 177
371 373
558 203
634 309
514 181
733 63
93 896
663 276
98 630
361 472
223 998
573 519
187 180
97 108
524 205
794 126
966 574
219 839
405 230
79 499
764 569
113 585
20 899
37 811
977 416
286 74
660 211
438 257
216 797
967 666
417 26
751 3
211 395
152 473
712 305
694 865
329 915
971 556
725 533
838 796
532 235
173 254
942 782
971 299
311 805
789 629
919 554
752 443
824 24
808 637
75 430
352 809
631 109
501 376
104 398
902 927
333 891
361 23
247 789
748 862
518 273
654 254
107 255
146 2
753 769
572 323
184 516
188 84
795 36
822 799
288 546
786 353
166 519
244 803
425 655
11 578
286 712
509 385
515 50
844 958
956 192
407 664
853 696
389 213
876 367
552 77
612 498
793 805
499 260
103 190
840 456
513 422
487 351
456 497
206 189
45 1
12 334
489 143
876 525
516 718
325 418
604 391
5 371
570 275
412 318
607 796
462 453
798 355
546 264
360 267
234 364
607 941
595 813
307 693
72 494
346 213
897 195
114 153
722 992
719 660
513 915
842 833
916 456
833 638
116 622
156 453
319 907
327 364
113 800
935 109
761 908
336 193
194 35
433 985
677 300
890 603
143 415
554 466
316 993
208 794
597 336
209 631
673 972
151 785
283 153
182 905
308 764
387 231
463 912
853 24
782 28
326 488
2 466
706 330
246 179
244 620
236 509
883 842
701 69
369 548
135 547
359 449
107 104
611 808
53 755
18 618
696 613
462 686
965 114
700 225
546 731
620 840
380 549
235 490
951 464
495 852
823 26
456 124
720 729
96 195
205 287
444 645
29 529
340 982
15 546
72 44
1 112
275 657
133 595
220 612
301 925
585 274
417 224
996 628
863 895
812 47
595 969
716 595
897 303
275 367
975 530
419 764
51 660
177 625
142 765
53 46
350 608
665 676
731 855
189 574
263 519
864 516
4 885
42 448
668 396
618 543
597 871
420 709
445 886
781 764
471 966
575 931
204 195
958 44
445 231
786 608
986 829
532 385
368 508
222 491
938 952
961 73
728 364
913 238
17 433
838 116
100 530
160 327
288 396
402 508
244 581
904 838
567 659
479 837
60 87
575 912
221 110
620 127
491 181
737 829
774 858
18 300
265 878
606 949
785 359
948 693
44 466
705 392
173 242
945 153
987 546
185 732
718 438
228 646
396 294
948 971
617 690
747 307
107 656
902 363
284 950
485 19
909 625
435 982
129 135
612 578
663 582
392 591
358 754
641 108
806 870
256 14
275 282
349 917
831 305
164 661
772 929
375 778
677 619
532 97
562 253
661 323
702 433
960 816
868 921
940 510
892 7
587 627
234 745
401 434
336 137
579 215
636 28
692 286
485 568
808 755
30 556
948 55
397 279
401 220
535 977
575 496
469 133
424 282
266 68
28 132
321 950
598 861
52 770
606 361
633 717
965 758
913 91
307 500
970 156
697 572
5 517
749 752
472 292
558 410
302 40
913 901
533 692
491 145
955 986
176 759
28 584
196 762
606 933
898 98
849 656
654 873
309 566
515 247
165 562
813 390
391 48
567 187
89 872
93 816
633 363
999 300
234 211
159 165
381 117
92 200
954 159
284 941
646 697
777 702
104 646
251 617
395 275
842 584
475 97
671 175
524 173
882 284
862 798
295 139
206 866
392 506
11 336
621 897
416 480
761 564
727 117
160 997
180 488
473 354
660 50
609 926
313 201
960 796
375 159
86 982
622 132
894 617
697 51
739 936
21 617
5 20
227 156
86 65
666 516
169 795
521 206
851 935
964 654
14 141
859 496
454 820
915 450
347 1
298 320
961 384
658 480
877 236
863 41
758 273
99 180
546 324
602 261
658 115
992 745
882 467
692 848
813 917
445 497
856 392
368 226
97 804
706 662
619 859
286 702
602 551
226 197
922 942
135 591
796 907
549 205
753 610
616 806
966 494
272 134
864 352
790 88
791 241
872 811
176 866
305 66
558 87
561 401
693 692
859 596
767 871
839 666
663 680
900 814
101 313
710 653
271 627
989 346
363 59
6 772
577 856
870 455
599 671
383 844
782 810
983 173
752 909
343 50
556 65
484 100
266 435
530 676
413 32
161 79
367 809
632 406
580 864
816 877
856 778
798 941
646 225
579 30
281 839
468 583
787 461
739 964
42 124
498 874
778 264
872 163
247 37
821 480
683 428
255 622
166 21
276 573
540 770
152 579
412 397
964 738
218 460
426 159
702 58
744 780
32 152
394 787
472 79
192 862
795 717
710 496
746 452
316 504
605 631
66 735
434 792
727 864
377 48
91 793
412 625
413 760
291 864
790 282
59 268
369 692
965 992
434 872
533 748
900 605
870 935
853 603
654 612
775 752
651 430
372 130
618 166
177 436
478 570
954 228
58 401
176 108
451 162
824 712
306 739
310 251
292 594
205 495
668 969
730 574
641 625
310 874
523 462
125 169
275 366
424 852
441 90
65 582
263 497
584 422
198 794
878 200
716 675
612 284
6 413
155 629
941 622
543 718
826 869
994 726
521 292
595 663
542 498
530 426
512 161
77 761
460 199
797 192
899 677
549 623
137 197
469 995
62 230
550 916
237 388
826 675
683 886
819 523
117 734
43 727
514 760
182 874
113 271
39 611
374 86
212 437
468 31
929 539
571 870
862 171
535 259
757 927
762 7
774 968
614 651
49 705
250 322
425 194
516 323
25 360
939 844
62 653
709 318
892 868
295 717
227 991
552 531
984 706
605 238
842 224
365 949
816 216
391 207
146 853
784 169
572 840
168 545
900 855
371 185
121 418
73 318
31 501
15 912
987 451
400 538
205 258
8 834
600 560
399 486
970 622
954 107
150 636
923 828
85 717
360 324
200 237
872 319
798 203
949 165
864 963
684 214
65 546
466 739
623 35
882 219
369 500
955 621
865 554
781 829
907 718
748 688
214 252
180 388
329 838
881 273
761 843
816 644
267 764
305 600
181 798
679 51
539 612
939 206
192 585
321 107
949 281
471 997
683 197
190 855
807 732
810 192
479 319
89 401
58 832
934 161
903 818
397 73
678 218
166 398
169 506
924 645
154 334
529 652
729 210
808 223
316 494
157 942
106 982
16 498
843 455
331 555
390 572
620 243
269 881
412 239
291 137
50 261
595 471
875 967
452 924
344 573
331 777
282 383
710 791
387 920
487 64
428 52
987 303
394 170
158 996
401 849
241 530
771 591
901 516
115 9
885 565
926 489
485 135
267 860
729 985
900 285
168 807
544 894
901 971
711 770
561 873
777 1000
28 496
134 159
933 661
842 954
935 75
60 775
722 404
87 253
161 396
604 912
971 447
277 436
355 98
151 553
243 568
83 847
119 149
715 278
929 903
35 976
808 720
989 987
820 95
308 363
274 71
645 84
313 539
619 687
640 636
736 897
626 301
679 309
597 156
610 477
231 434
251 464
154 307
65 404
233 499
804 681
957 360
550 445
511 19
826 957
481 151
631 802
554 590
822 797
539 772
969 391
253 553
328 448
340 350
23 245
745 657
652 203
197 34
6 584
443 110
18 272
747 220
694 485
895 428
128 966
475 305
628 361
96 74
719 82
331 821
639 97
934 664
415 157
93 787
519 283
996 580
816 290
746 47
431 194
570 273
286 21
988 919
495 385
354 887
318 650
444 961
85 645
930 24
825 822
220 696
831 328
262 957
512 150
284 669
124 476
930 139
24 194
972 865
241 233
9 227
384 537
821 68
659 153
290 524
314 992
380 385
960 1000
423 808
942 808
9 76
617 487
212 589
564 282
53 283
381 702
916 671
40 604
494 391
43 861
407 276
635 135
763 74
1000 264
375 126
352 862
750 240
96 929
80 486
174 332
325 524
217 147
145 158
311 553
757 521
579 605
804 243
821 568
662 628
507 54
943 21
342 644
145 440
917 938
679 575
82 326
727 967
361 602
700 413
149 641
226 276
1000 851
875 97
857 750
896 746
164 66
442 364
103 79
892 944
698 541
864 269
594 922
956 341
896 520
510 166
558 475
618 167
653 356
366 993
494 541
836 129
110 569
960 737
570 309
385 215
703 627
872 693
689 417
612 923
932 515
342 956
206 808
85 665
530 886
215 42
664 208
938 467
646 928
703 849
450 153
125 793
517 925
275 478
250 42
290 673
474 130
807 68
7 636
342 117
935 224
283 14
942 836
65 784
637 467
138 588
454 208
469 126
843 769
75 411
592 15
810 90
460 343
134 528
695 849
517 81
248 676
981 4
165 119
49 998
587 98
678 191
407 911
799 665
312 425
921 523
114 771
478 288
686 494
69 269
396 115
608 593
165 826
25 367
248 352
823 293
770 211
454 328
257 780
535 81
519 556
249 890
129 330
595 427
867 654
769 482
799 221
15 866
791 425
371 184
735 989
102 56
230 205
413 931
634 877
814 869
85 859
727 412
485 17
876 742
608 75
12 630
237 513
349 915
851 593
580 113
214 275
786 752
163 627
721 973
663 806
544 962
643 918
110 83
494 242
167 56
65 978
800 683
854 338
420 660
368 685
789 749
228 393
844 587
798 885
755 440
955 842
781 91
234 905
308 400
773 74
665 849
460 379
338 815
4 709
511 792
477 664
79 949
771 310
406 271
657 195
770 994
240 947
848 562
260 960
300 661
959 710
435 346
537 902
115 686
593 770
524 644
227 540
121 1
653 1000
452 767
70 186
698 755
245 416
999 251
324 891
628 743
44 432
337 442
818 139
68 318
76 993
19 998
791 348
558 57
851 49
853 612
489 144
64 572
618 255
28 927
529 614
881 871
771 545
612 913
974 216
874 448
634 901
560 631
866 387
24 457
902 484
831 454
959 285
941 258
559 951
543 466
911 57
826 194
419 616
93 577
154 711
546 197
142 520
881 722
219 407
872 427
765 416
696 665
401 515
717 61
864 607
5 129
595 737
584 334
927 434
317 562
929 902
731 335
384 541
424 730
407 499
579 834
163 1
89 210
731 655
949 380
74 646
147 814
611 373
575 278
891 965
711 214
75 48
113 325
187 986
243 966
961 9
550 35
454 212
567 933
282 523
709 578
162 775
127 253
79 894
948 585
786 348
594 661
204 713
762 175
218 989
184 869
597 735
987 767
714 413
589 799
311 644
315 58
210 504
176 868
103 187
451 426
606 790
366 603
77 476
791 352
741 565
334 501
727 614
358 463
418 912
606 673
419 345
441 497
519 282
137 1000
229 370
94 241
822 457
146 870
552 765
662 358
280 32
391 902
696 583
608 52
937 898
202 781
595 202
498 420
871 997
931 464
593 177
65 632
817 425
621 611
911 291
480 308
36 503
495 358
20 988
855 562
617 196
659 299
59 830
940 448
742 636
51 603
695 686
989 909
392 69
328 917
657 591
711 404
769 601
772 296
459 31
632 741
815 394
709 883
98 95
670 929
624 661
825 354
60 505
646 400
653 620
962 542
484 521
503 511
14 30
97 612
39 633
734 504
165 35
866 144
957 71
446 980
654 217
14 321
291 917
648 338
67 890
32 983
911 603
444 348
140 69
123 903
476 173
258 24
297 550
886 352
27 733
11 256
783 770
338 93
505 692
894 190
923 957
956 453
908 853
580 489
603 536
768 755
588 656
276 458
944 983
210 178
599 716
413 847
729 886
625 901
478 931
137 661
584 202
547 990
896 198
980 330
368 853
457 740
668 890
779 179
507 378
176 490
399 162
994 987
850 663
190 204
212 908
232 66
626 174
384 679
708 920
660 859
720 70
615 739
137 162
502 844
786 849
769 933
276 723
8 81
887 91
672 168
835 420
929 831
398 706
663 50
679 508
863 99
122 718
430 362
36 741
402 507
494 877
434 40
719 465
791 996
874 618
925 894
233 495
35 436
1 612
991 749
922 996
923 325
34 821
11 655
214 906
305 942
325 35
364 463
476 177
206 478
83 17
158 605
303 540
89 992
914 659
311 97
150 161
811 642
666 131
813 48
559 700
619 353
103 336
286 176
907 4
968 554
167 836
685 903
337 25
138 90
160 766
785 817
842 674
661 110
975 578
102 746
105 150
566 37
147 345
898 739
473 55
80 154
220 528
204 429
242 120
425 424
388 804
925 75
454 557
554 375
295 576
996 32
87 465
125 542
881 480
938 121
960 977
578 384
564 211
394 759
470 330
952 834
113 207
518 260
42 197
170 414
320 303
925 286
293 84
647 817
899 809
356 564
529 366
360 591
814 704
17 354
454 233
937 193
387 32
778 947
70 921
628 851
147 608
296 102
820 48
304 593
984 19
457 437
221 436
959 407
465 994
504 888
515 986
697 803
476 230
594 577
81 658
672 751
768 710
552 85
334 446
292 208
899 456
3 287
116 444
478 575
763 671
328 132
699 375
809 475
149 922
187 91
328 19
105 811
471 240
548 199
91 276
663 758
301 3
63 959
215 143
418 111
987 260
785 486
258 516
707 847
48 496
710 582
343 43
23 916
699 819
21 291
426 309
689 377
749 482
234 534
896 61
953 188
826 178
295 381
156 509
104 54
621 527
927 592
108 998
56 825
882 253
260 323
324 767
856 928
268 886
323 485
640 417
955 760
740 114
914 146
462 984
856 591
865 775
223 213
160 53
324 872
679 166
97 750
618 437
920 623
812 965
9 816
748 971
394 890
882 641
761 560
839 45
435 155
787 878
511 908
848 896
156 839
678 196
628 951
518 925
101 785
767 300
288 550
630 124
176 519
140 162
68 614
144 37
715 734
280 190
870 958
602 836
898 69
22 878
974 1000
296 783
776 569
773 750
324 165
896 558
550 639
976 764
178 79
81 920
245 677
102 118
874 215
879 666
992 118
131 620
813 120
559 628
8 611
72 52
660 413
36 471
954 190
827 420
914 681
729 906
570 398
38 680
812 71
780 933
622 474
362 564
707 802
483 472
615 483
818 480
220 553
792 90
332 179
389 52
318 490
764 174
121 916
472 534
734 786
219 355
631 446
892 780
837 839
587 572
952 399
8 295
762 554
707 359
265 472
123 124
252 344
936 78
905 136
985 506
34 630
436 262
385 960
155 470
191 572
485 863
70 711
716 205
256 851
831 233
57 96
562 551
504 611
531 288
805 385
969 487
240 109
956 787
60 216
615 558
401 485
714 845
951 616
899 213
994 205
724 422
248 471
467 183
395 946
782 770
306 203
415 319
79 962
984 378
628 681
631 555
775 604
117 172
746 732
782 604
417 696
828 426
296 828
945 194
747 186
110 654
777 278
328 43
202 588
558 481
580 377
229 405
362 886
73 761
591 155
485 76
766 215
966 297
137 105
850 882
525 906
90 783
113 742
114 185
629 758
121 967
640 75
698 433
113 887
648 582
703 928
166 801
172 936
696 850
76 204
792 293
501 617
265 107
85 362
273 656
554 291
627 747
369 47
77 758
691 582
963 749
622 50
915 398
365 187
132 108
540 865
824 909
991 40
424 290
208 227
801 484
530 218
772 35
5 668
632 992
359 259
621 172
416 693
274 687
153 518
245 168
441 553
654 186
801 710
722 684
511 213
421 317
95 426
173 460
345 820
568 678
589 964
936 74
259 299
150 68
357 895
697 309
88 267
990 300
760 509
49 416
840 437
276 462
595 429
83 129
128 819
824 905
767 171
14 849
412 475
423 515
216 204
138 377
611 370
15 964
430 513
110 533
703 512
615 244
655 685
231 751
897 109
92 151
845 879
438 399
976 994
480 753
686 417
814 730
938 325
234 416
206 778
680 638
617 97
48 420
603 434
949 162
150 441
751 234
474 552
849 22
81 428
627 425
869 428
160 844
5 687
346 537
609 999
518 475
578 366
461 426
621 332
164 659
56 124
768 12
497 414
887 137
410 647
48 992
178 563
160 734
273 781
385 927
981 949
751 543
920 508
577 200
773 847
782 41
985 163
969 614
208 516
942 691
526 50
251 422
17 34
184 621
630 230
614 731
544 221
193 481
243 179
32 929
454 392
94 924
59 472
944 868
448 209
675 562
452 761
150 96
652 290
305 969
468 387
417 759
839 908
435 634
810 658
228 727
690 508
549 311
296 675
44 321
483 995
780 205
515 264
898 128
827 42
737 691
386 428
870 76
267 115
73 288
898 307
168 524
33 658
202 791
850 939
984 797
605 385
24 122
81 127
836 505
160 906
252 224
608 261
437 82
882 156
43 199
9 379
233 725
989 822
854 741
518 812
854 380
218 210
231 196
973 354
248 913
288 12
125 545
517 245
419 934
167 316
65 222
450 784
930 550
164 518
655 987
402 143
560 445
795 876
887 2
748 964
195 988
633 636
485 907
307 423
571 818
143 793
368 151
460 639
743 592
378 976
396 215
438 638
347 983
135 570
27 981
260 305
52 512
865 307
222 848
577 359
987 832
509 412
936 2
787 413
445 562
407 584
328 338
935 881
5 867
558 232
376 62
106 235
931 918
453 326
278 787
796 724
998 883
471 699
201 262
738 615
794 309
219 166
55 468
941 467
449 957
984 739
849 188
125 129
346 222
536 386
648 732
280 192
707 187
459 418
115 260
190 214
265 253
928 427
613 926
910 670
489 1000
364 748
256 391
890 612
542 293
691 621
708 565
591 97
417 544
790 867
293 265
350 826
497 422
61 829
346 748
768 401
678 948
660 679
761 610
890 326
274 313
520 707
160 304
269 242
736 799
402 405
790 814
810 729
904 943
465 783
563 242
469 411
736 654
899 212
939 727
421 745
602 950
663 384
736 492
532 925
455 958
222 991
280 578
832 959
478 585
417 703
366 650
554 708
463 320
953 718
202 762
918 156
599 601
728 670
358 489
529 915
92 29
756 52
663 712
15 553
91 351
718 232
667 698
357 48
582 555
826 9
385 325
183 256
538 564
595 957
103 754
531 677
459 334
869 439
357 355
753 422
826 474
557 538
544 647
816 668
964 556
385 769
464 262
781 759
368 111
415 841
622 51
155 44
878 409
184 133
666 777
403 357
632 771
726 805
982 459
344 459
131 303
868 294
526 164
268 748
326 446
238 538
652 586
856 469
106 732
549 990
507 631
606 257
992 661
827 734
682 305
558 612
61 148
389 653
122 418
349 336
131 90
39 893
706 730
981 468
675 537
235 30
171 428
728 941
887 274
93 152
438 832
421 542
409 126
141 399
912 304
171 980
887 812
395 12
508 627
261 747
600 389
832 130
621 425
842 462
935 543
332 560
354 442
245 525
401 873
606 526
276 95
258 574
802 163
380 923
841 671
181 166
427 42
580 124
379 341
732 343
110 231
627 59
976 769
884 394
618 346
546 47
216 694
38 979
494 241
42 286
740 201
502 652
165 468
863 653
475 708
170 122
156 542
517 144
792 433
223 243
117 924
83 804
856 740
229 558
13 625
624 158
899 592
95 53
924 37
551 813
530 172
259 350
731 578
890 225
653 771
929 571
400 183
532 640
457 298
865 421
27 968
374 289
583 215
307 360
880 102
202 126
222 885
403 829
335 446
784 860
605 300
491 148
496 750
979 139
338 257
46 54
429 214
192 271
418 681
169 957
810 659
909 861
630 338
790 990
331 781
867 687
157 637
250 695
608 973
805 621
667 580
279 666
619 335
770 327
674 224
99 803
290 32
932 759
521 676
629 907
703 418
779 108
232 367
72 504
453 677
937 820
675 276
78 306
704 749
183 62
559 801
232 254
582 642
930 99
661 241
773 471
96 605
210 370
650 98
669 262
255 588
34 239
211 892
842 934
717 58
755 379
281 878
68 546
327 279
761 875
522 907
463 759
941 963
764 106
566 464
826 517
133 251
110 64
708 609
51 286
472 201
604 690
274 67
866 425
169 175
811 360
9 822
160 422
308 742
26 595
118 245
302 508
620 271
195 876
587 94
511 910
407 67
801 540
643 337
312 575
991 257
494 811
761 272
961 854
635 315
875 232
591 57
848 672
978 755
616 668
792 53
785 145
182 483
771 66
442 340
409 133
11 713
943 960
870 64
418 717
990 485
387 730
120 981
858 847
650 758
552 450
914 729
646 636
421 935
483 798
465 383
301 145
269 327
896 479
272 409
805 513
898 357
122 175
615 174
859 728
72 54
271 393
542 991
7 18
658 451
501 259
292 650
497 904
194 1000
786 676
807 382
294 407
977 23
427 114
263 392
711 738
489 465
640 97
876 975
238 80
439 715
388 879
584 286
453 955
261 222
260 289
827 720
928 283
824 220
846 55
899 650
973 661
298 15
208 391
677 513
646 260
164 571
644 237
868 259
706 418
731 541
717 610
648 119
578 232
322 554
251 496
877 348
229 165
757 902
540 172
465 782
447 503
670 827
185 720
967 367
992 633
496 328
919 8
904 831
706 759
734 964
679 648
231 1
748 493
175 249
463 466
641 606
956 337
301 100
49 11
984 666
287 17
286 851
625 856
520 732
31 28
452 103
144 184
628 504
646 747
340 988
659 652
732 46
860 27
613 509
704 567
893 93
486 413
894 494
681 777
646 789
567 375
78 251
512 489
879 15
864 828
792 9
756 378
30 844
335 418
865 293
643 958
80 122
426 154
579 80
617 165
191 158
746 451
731 445
54 386
441 381
928 295
858 40
640 363
90 478
807 977
702 249
436 957
548 947
73 861
730 145
335 788
660 580
19 308
481 693
263 961
213 246
640 568
743 522
134 822
528 569
231 502
457 269
94 58
848 586
287 433
257 614
573 56
944 920
541 538
601 311
654 299
892 754
281 883
404 610
67 1000
480 169
927 374
648 779
71 572
682 836
101 521
637 583
763 756
68 454
503 945
325 433
37 589
67 518
340 530
962 242
514 91
418 868
864 412
901 777
650 523
863 738
712 430
528 163
893 799
430 519
125 501
695 9
529 527
487 579
219 225
736 53
516 787
955 277
942 791
871 985
451 18
470 786
493 403
2 568
385 416
753 303
760 810
979 520
373 90
91 926
287 585
940 357
635 519
122 702
600 962
983 449
203 915
955 608
760 520
345 326
695 610
20 725
574 881
591 701
995 284
47 979
912 824
105 582
547 571
786 860
972 52
901 112
407 491
851 913
753 163
886 961
744 826
799 970
625 105
313 627
299 576
156 975
801 390
36 693
666 524
848 935
355 377
397 68
731 645
619 746
402 474
633 832
118 904
744 615
182 661
936 409
629 308
440 576
593 774
481 44
197 440
605 299
164 55
112 320
130 99
595 365
723 800
687 325
73 360
714 101
534 216
718 613
650 973
44 428
409 89
842 257
974 770
211 338
992 109
847 161
225 370
818 386
465 502
660 388
718 851
708 438
578 797
127 389
318 512
727 444
51 903
983 790
38 643
439 960
243 195
48 499
135 79
162 462
537 145
976 863
774 615
923 908
102 661
731 199
987 113
751 8
349 868
261 130
744 346
670 102
301 641
436 920
953 50
760 548
545 392
455 168
753 365
298 40
946 748
359 897
155 85
130 993
248 770
468 783
839 264
160 723
713 908
536 915
95 40
377 339
268 550
910 77
843 90
748 85
496 79
558 707
856 427
674 656
914 131
148 995
657 206
60 311
278 378
245 253
654 193
235 955
400 148
387 430
26 370
625 338
451 739
982 589
876 64
930 1000
936 117
956 104
45 638
724 508
780 318
984 353
144 24
456 282
878 893
197 45
642 426
628 711
477 301
480 127
633 47
245 305
512 962
14 267
791 380
261 657
301 144
728 644
71 810
278 640
559 625
46 668
999 334
515 503
862 962
3 683
885 611
974 307
965 475
345 706
231 137
316 55
572 595
665 439
315 762
262 39
64 826
627 69
954 927
313 13
629 543
157 132
195 465
323 164
848 261
849 92
8 716
445 905
742 993
543 720
253 620
324 538
128 293
926 781
994 930
540 634
560 280
337 657
413 348
368 745
494 281
955 793
134 414
907 922
773 289
265 247
921 424
596 688
78 715
359 570
759 728
643 625
739 168
5 276
490 566
134 843
601 56
35 702
786 410
368 181
791 879
28 377
664 395
17 232
74 491
314 602
369 733
704 98
382 805
829 250
282 111
433 201
931 854
552 129
255 142
439 471
576 7
225 100
107 399
288 803
36 129
20 591
202 361
934 686
975 54
826 390
582 252
966 486
73 412
571 141
349 375
296 815
188 955
120 97
618 539
33 638
694 373
755 841
791 497
723 423
121 633
763 934
806 994
992 388
601 958
101 168
907 109
858 501
931 355
259 37
976 904
115 452
299 253
435 626
391 677
983 79
587 878
367 218
688 235
30 398
693 342
397 953
324 751
399 223
475 845
459 320
464 474
542 101
399 76
493 97
66 73
977 796
229 523
360 810
358 789
513 658
492 287
776 744
276 616
356 318
859 385
7 746
446 763
4 914
955 914
61 863
796 406
924 195
678 982
290 783
844 426
826 685
60 409
723 715
118 131
154 472
78 961
834 355
946 361
929 541
640 936
201 678
666 600
648 483
961 876
361 936
242 589
954 659
257 613
476 367
857 860
741 613
714 255
805 132
398 746
97 215
116 309
101 679
503 771
650 982
244 145
875 977
20 546
741 714
24 677
392 905
154 808
482 653
729 692
750 782
987 301
369 18
741 585
926 725
429 291
529 637
159 206
116 152
219 883
538 965
977 291
963 336
621 884
629 949
816 126
398 461
378 41
681 868
81 16
9 499
798 205
855 420
906 210
138 184
232 19
51 761
779 999
74 826
665 649
360 247
118 776
792 260
650 174
981 848
506 304
289 286
808 762
57 810
591 813
545 205
48 995
322 222
610 557
847 808
388 469
753 51
627 998
893 81
613 519
635 422
364 107
37 91
994 430
190 699
122 85
681 200
443 781
852 167
27 54
32 932
918 286
900 765
304 548
681 490
154 106
780 490
541 619
149 821
277 352
978 303
213 702
589 711
516 579
810 800
755 656
992 110
167 518
277 66
978 81
318 950
466 893
439 892
441 329
974 221
813 161
735 821
926 320
31 356
803 407
767 942
708 986
670 49
906 916
855 475
270 599
53 796
335 643
410 886
83 306
162 215
437 95
864 997
370 82
333 350
51 725
577 402
548 647
117 73
424 929
367 899
777 867
502 750
711 542
470 392
472 27
540 646
523 464
377 624
752 548
293 274
898 916
833 293
9 939
982 390
242 461
151 773
66 831
433 736
880 343
164 62
38 441
294 791
575 354
373 774
31 704
30 813
434 138
272 905
758 411
245 252
408 640
80 685
959 71
13 87
822 791
411 420
123 857
562 67
780 398
213 737
420 269
843 758
689 844
316 689
12 247
658 577
131 707
816 329
463 286
956 161
997 791
214 708
124 645
200 77
241 679
849 288
98 884
671 251
235 317
280 84
445 678
816 6
67 396
214 493
608 184
863 912
574 605
371 770
834 694
946 988
986 493
476 868
313 238
902 886
996 21
2 979
214 62
786 983
609 812
955 792
647 710
887 221
925 416
378 319
661 290
569 142
327 394
130 962
277 913
230 851
234 127
431 408
240 131
324 775
612 187
540 904
868 269
873 657
160 452
911 787
734 338
327 168
494 747
653 760
269 239
986 579
734 509
537 807
496 507
886 40
634 177
287 479
913 36
435 360
239 822
809 91
918 343
166 456
278 246
460 749
122 508
838 478
676 269
435 409
511 130
424 134
317 965
784 934
995 17
624 165
308 824
737 922
684 903
701 831
763 746
789 460
455 840
22 469
690 727
323 694
50 802
73 387
606 759
20 766
652 723
937 325
645 970
980 575
747 476
965 301
291 306
898 502
149 176
449 926
803 467
710 627
632 219
171 425
742 160
724 683
945 642
86 708
90 779
223 597
6 5
819 979
17 988
480 705
760 750
246 521
623 133
200 549
892 494
111 651
602 128
432 648
215 759
534 777
494 314
26 836
450 804
415 842
611 291
26 759
339 612
952 662
284 163
730 159
130 601
602 341
624 773
250 113
280 126
181 598
682 429
960 263
445 449
988 783
359 319
949 817
965 807
767 275
164 142
420 16
689 675
302 20
838 58
253 634
949 796
718 668
996 966
758 237
857 716
823 291
58 747
383 90
322 600
45 927
598 693
837 131
732 895
804 92
241 956
131 650
258 909
338 58
894 223
20 658
520 762
869 21
524 34
671 925
12 270
50 601
159 201
788 671
977 290
353 520
889 942
484 374
410 625
391 747
124 717
380 807
567 77
755 981
150 631
542 789
33 379
896 167
517 729
590 226
688 57
341 557
930 90
206 693
204 347
6 481
564 523
731 106
234 590
787 300
147 205
28 455
765 263
233 654
334 677
18 290
790 972
275 113
243 549
946 710
468 646
313 407
170 8
133 132
118 450
856 743
895 654
654 280
237 353
460 220
23 298
533 713
958 323
468 971
698 382
782 732
311 623
493 648
705 32
299 979
999 898
435 307
592 414
866 85
39 909
44 761
143 214
156 751
268 497
127 84
59 476
518 837
776 292
653 994
1000 770
568 582
127 37
261 921
588 260
822 554
236 739
295 750
140 921
13 357
107 342
95 788
859 289
663 303
921 180
254 431
619 435
44 444
606 719
665 191
923 755
764 707
733 216
1 7
54 202
98 849
488 877
675 195
803 406
72 108
589 441
419 385
681 822
529 840
746 212
730 753
582 630
215 123
287 670
695 269
110 279
864 887
646 979
10 49
764 784
127 873
768 77
141 965
922 172
744 527
909 839
707 80
859 548
506 627
752 839
882 246
755 380
169 609
668 605
872 32
998 544
787 441
592 943
654 879
649 440
227 132
946 746
85 302
873 623
968 610
94 436
344 764
740 462
521 249
501 478
82 784
711 319
346 736
800 26
930 661
736 920
473 806
751 575
758 361
556 627
283 37
156 813
105 979
58 879
40 814
94 97
350 15
5 720
140 377
986 543
253 254
495 647
973 819
10 861
908 886
48 858
160 100
48 466
856 174
343 928
269 829
511 382
850 436
562 64
780 399
504 8
503 970
362 234
733 489
3 382
227 105
102 152
429 72
783 933
41 576
6 978
230 60
705 661
894 23
509 107
202 597
441 507
222 656
558 462
335 979
817 112
289 703
115 125
43 488
285 299
551 528
347 30
224 707
889 727
591 416
115 411
318 284
1000 179
673 883
690 947
86 808
30 164
567 347
402 811
748 887
601 721
35 740
53 66
237 229
128 295
405 709
600 742
502 715
432 749
342 96
270 253
398 438
735 395
479 201
912 770
531 984
643 754
627 643
798 324
977 976
190 903
304 978
97 525
21 887
761 614
243 827
961 100
796 157
760 85
433 515
584 989
255 372
626 328
306 874
79 570
226 90
213 832
808 352
572 393
113 500
386 778
169 426
5 564
580 908
669 589
909 478
801 573
767 382
344 128
793 637
139 729
724 419
391 428
553 93
790 274
98 354
585 844
715 753
226 414
615 920
139 317
585 221
435 694
774 657
426 803
278 832
887 836
301 97
747 177
849 956
549 459
480 230
878 975
974 235
63 904
971 931
220 373
831 439
346 359
907 111
547 964
840 90
53 789
992 373
43 357
6 107
389 703
702 93
341 520
786 647
551 901
55 730
890 819
194 890
