19 501501 51501
(15952, 44073)
(15953, 44072)
(15954, 42385)
(15954, 44071)
(15955, 42386)
(15955, 44070)
(15956, 44069)
(16401, 33673)
(16401, 35573)
(19640, 13689)
(19640, 21472)
(19641, 13690)
(19641, 18102)
(19642, 13691)
(19643, 13692)
(20867, 18077)
(27061, 12887)
(27062, 12886)
(27063, 12885)
(27064, 12884)
(28272, 40231)
(28273, 40230)
(40452, 5454)
(40452, 26280)
(40453, 5455)
(41210, 19729)
(41211, 19730)
(41212, 48766)
(42524, 3836)
(42525, 43134)
(42525, 3835)
(42526, 25257)
(48685, 49915)
(48686, 16021)
(48686, 20427)
(48687, 16022)
(48687, 20426)
(51345, 20580)
(51346, 20579)
(51347, 435)
(51348, 38161)
(58577, 11452)
(60437, 35616)
(60437, 30072)
(60438, 30071)
(60439, 30070)
(64008, 10834)
(69495, 29789)
(69495, 20475)
(90181, 22721)
(90181, 14269)
(90182, 14268)
(100533, 12623)
(100534, 12624)
(100535, 12625)
(100535, 39757)
(100536, 39756)
(101250, 15712)
(101251, 15713)
(109986, 32238)
(109987, 32237)
(117998, 49915)
(117999, 16021)
(117999, 20427)
(118000, 49913)
(121216, 48232)
(121217, 16532)
(124923, 42385)
(124923, 44071)
(124924, 42386)
(124924, 44070)
(141253, 40597)
(143027, 18236)
(143027, 8606)
(143028, 8605)
(145636, 35200)
(145636, 851)
(151281, 15924)
(151282, 15923)
(151283, 15922)
(151284, 15921)
(151285, 37363)
(151591, 853)
(151592, 48837)
(151592, 852)
(151593, 35200)
(151593, 851)
(151594, 850)
(153276, 38410)
(153277, 1830)
(160763, 15922)
(160764, 15921)
(164965, 35410)
(185975, 40622)
(185976, 1966)
(185977, 40620)
(186058, 41906)
(186059, 15713)
(193663, 30727)
(205333, 35616)
(205333, 30072)
(205334, 30071)
(214891, 33673)
(214891, 35573)
(214892, 33674)
(214893, 33675)
(215366, 29789)
(215366, 20475)
(215367, 29790)
(220781, 29408)
(220782, 29409)
(220782, 19709)
(228560, 42131)
(228560, 25984)
(228561, 46537)
(237709, 1830)
(237710, 38412)
(239244, 436)
(239245, 435)
(239246, 38161)
(247522, 1966)
(247523, 40620)
(247524, 40619)
(247525, 40618)
(247526, 40617)
(250235, 43134)
(250235, 3835)
(250236, 43135)
(255857, 10833)
(255858, 10834)
(258738, 19730)
(259628, 46952)
(259628, 8849)
(262066, 16020)
(262067, 16021)
(262067, 20427)
(262068, 16022)
(262068, 20426)
(273508, 45898)
(284834, 13690)
(284834, 18102)
(284974, 18077)
(309315, 18077)
(314572, 16606)
(314573, 16605)
(314574, 16604)
(314575, 16533)
(314576, 16532)
(314577, 48230)
(314578, 48229)
(314579, 48228)
(314580, 48227)
(321641, 19710)
(321642, 29409)
(321642, 19709)
(321643, 32566)
(325011, 435)
(325012, 38161)
(327125, 34528)
(327126, 34529)
(332226, 35616)
(332226, 30072)
(335911, 23973)
(339940, 23973)
(365531, 27816)
(367545, 44781)
(367546, 44780)
(367547, 40597)
(381918, 22721)
(381918, 14269)
(381919, 14268)
(381920, 36791)
(386502, 42130)
(386502, 25985)
(386503, 42131)
(386503, 25984)
(388690, 10834)
(388691, 10835)
(398867, 18103)
(398868, 13690)
(398868, 18102)
(398869, 18101)
(399965, 12625)
(399965, 39757)
(399966, 12626)
(399967, 12627)
(401023, 43134)
(401023, 3835)
(401024, 43135)
(404701, 5453)
(404702, 5454)
(404702, 26280)
(404703, 26279)
(406242, 16532)
(406243, 16601)
(414458, 46951)
(414459, 46952)
(414459, 8849)
(414460, 8848)
(424745, 48837)
(424745, 852)
(424746, 35200)
(424746, 851)
(438852, 46466)
(438853, 46467)
(446424, 29408)
(446425, 29409)
(446425, 19709)
(447865, 11451)
(447866, 11452)
(447867, 11453)
(454375, 22931)
(454376, 22930)
(462156, 16980)
(462157, 16981)
(470049, 36795)
(470050, 14270)
(470051, 22721)
(470051, 14269)
(470052, 14268)
(470053, 14267)
(470054, 14266)
(470055, 14265)
(470056, 14264)
(489791, 46539)
(489792, 42131)
(489792, 25984)
(492415, 10336)
(492416, 10337)
(492417, 10338)
(499766, 18235)
(499767, 18236)
(499767, 8606)
(499768, 8605)
