(340, 27213)
(341, 27212)
(341, 49835)
(342, 49834)
(343, 49833)
(6077, 24423)
(6078, 16067)
(6078, 36157)
(6078, 24422)
(6079, 24421)
(22238, 16948)
(22239, 16949)
(26552, 29736)
(26553, 29737)
(26553, 33827)
(26553, 33289)
(26887, 36094)
(26888, 36095)
(26889, 36096)
(26890, 36097)
(26891, 36098)
(27616, 4567)
(27616, 17667)
(34316, 27889)
(34317, 27888)
(34318, 47902)
(34318, 27887)
(34318, 31620)
(34319, 27886)
(34320, 27885)
(35897, 37787)
(35898, 37788)
(35899, 23568)
(35899, 37789)
(35900, 37790)
(56858, 27117)
(56858, 21141)
(56859, 27118)
(56859, 21140)
(56860, 27119)
(59430, 39389)
(59431, 33587)
(59431, 39388)
(72401, 27888)
(72402, 47902)
(72402, 27887)
(72402, 31620)
(76451, 13258)
(76451, 31051)
(76452, 13259)
(76453, 13260)
(76454, 13261)
(76455, 13262)
(76456, 13263)
(82298, 26014)
(82298, 39910)
(82298, 49970)
(98591, 19137)
(106434, 10693)
(106434, 40994)
(106435, 10694)
(106435, 38664)
(106435, 40995)
(106436, 38665)
(107432, 49971)
(107433, 26014)
(107433, 39910)
(107433, 49970)
(118225, 16433)
(118226, 16434)
(118227, 16435)
(118227, 43110)
(118228, 16436)
(118520, 37450)
(118520, 9469)
(126322, 10185)
(126322, 30108)
(126322, 15996)
(126323, 10186)
(132853, 17186)
(132854, 17187)
(132855, 17188)
(132855, 4509)
(132856, 17189)
(132856, 4508)
(132856, 48269)
(132857, 17190)
(136713, 39749)
(140620, 6264)
(140621, 6263)
(142951, 21289)
(142952, 21288)
(145704, 33290)
(145705, 29737)
(145705, 33827)
(145705, 33289)
(145706, 33828)
(148469, 16276)
(148469, 50122)
(170640, 40852)
(170640, 47529)
(174559, 30111)
(177990, 4567)
(177990, 17667)
(179503, 26975)
(179503, 44271)
(184987, 29737)
(184987, 33827)
(184987, 33289)
(187141, 18580)
(187141, 34398)
(187142, 34397)
(187143, 34396)
(191851, 26975)
(191851, 44271)
(191852, 26976)
(191853, 26977)
(199149, 17137)
(199149, 31574)
(199150, 17138)
(199150, 31573)
(199151, 17139)
(199151, 31572)
(211202, 38127)
(222924, 6092)
(222925, 6093)
(222925, 30155)
(232453, 11836)
(232453, 13425)
(232454, 13424)
(233105, 6201)
(233106, 6200)
(235189, 47902)
(235189, 27887)
(235189, 31620)
(235190, 47903)
(235191, 47904)
(236912, 35117)
(248592, 32416)
(257751, 18580)
(257751, 34398)
(259450, 11836)
(259450, 13425)
(259842, 10185)
(259842, 30108)
(259842, 15996)
(261040, 32286)
(264568, 48270)
(264569, 17189)
(264569, 4508)
(264569, 48269)
(275012, 24424)
(275013, 24423)
(275014, 16067)
(275014, 36157)
(275014, 24422)
(275015, 24421)
(276354, 15999)
(276355, 15998)
(276356, 15997)
(276357, 10185)
(276357, 30108)
(276357, 15996)
(276358, 30109)
(276358, 15995)
(287672, 27117)
(287672, 21141)
(292121, 12782)
(292122, 12783)
(292122, 17593)
(292122, 19438)
(292123, 19437)
(292124, 19436)
(292125, 19435)
(303589, 14272)
(304788, 28271)
(304788, 28152)
(319539, 22732)
(319539, 49259)
(319539, 15524)
(320862, 12360)
(333083, 12783)
(333083, 17593)
(333083, 19438)
(333084, 17594)
(333085, 17595)
(334662, 17189)
(334662, 4508)
(334662, 48269)
(335654, 16275)
(335655, 16276)
(335655, 50122)
(339603, 37448)
(339604, 37449)
(339605, 37450)
(339605, 9469)
(340577, 17138)
(340577, 31573)
(350189, 28271)
(350189, 28152)
(358362, 38110)
(358363, 38111)
(362322, 41980)
(368250, 39390)
(368251, 39389)
(368252, 33587)
(368252, 39388)
(368253, 33586)
(369196, 13258)
(369196, 31051)
(369197, 13259)
(369198, 13260)
(369199, 13261)
(375619, 22731)
(375619, 15525)
(375620, 22732)
(375620, 49259)
(375620, 15524)
(375621, 22733)
(375621, 15523)
(382339, 39908)
(382340, 26013)
(382340, 39909)
(382341, 26014)
(382341, 39910)
(382341, 49970)
(382342, 26015)
(382342, 39911)
(382343, 26016)
(382767, 16067)
(382767, 36157)
(382767, 24422)
(382768, 16068)
(382769, 16069)
(391314, 12559)
(398892, 23568)
(398892, 37789)
(404099, 38663)
(404100, 10694)
(404100, 38664)
(404100, 40995)
(412123, 6092)
(412124, 6093)
(412124, 30155)
(419413, 889)
(446909, 12783)
(446909, 17593)
(446909, 19438)
(455591, 10694)
(455591, 38664)
(455591, 40995)
(455592, 38665)
(455748, 20716)
(455748, 8815)
(457606, 16366)
(458214, 40852)
(458214, 47529)
(459893, 8543)
(467369, 24772)
(471385, 36117)
(472805, 14972)
(472806, 14973)
(479958, 624)
(485120, 20716)
(485120, 8815)
(485121, 20717)
(485121, 8814)
(488265, 20715)
(488266, 20716)
(488266, 8815)
(488267, 20717)
(488267, 8814)
(490555, 47298)
(493125, 16435)
(493125, 43110)
(494641, 27215)
(494642, 27214)
(494643, 27213)
(494644, 27212)
(494644, 49835)
(497489, 22171)
(500839, 22729)
(500840, 22730)
(500841, 22731)
(500841, 15525)
(500842, 22732)
(500842, 49259)
(500842, 15524)
(500843, 49260)
